Node: fmriprep_wf.single_subject_01_wf.anat_preproc_wf.brain_extraction_wf.norm
Working directory: /workdir/fmriprep_wf/single_subject_01_wf/anat_preproc_wf/brain_extraction_wf/norm

Node inputs:

args = <undefined>
collapse_output_transforms = True
convergence_threshold = [1e-08, 1e-08, 1e-09]
convergence_window_size = [10, 10, 15]
dimension = 3
environ = {'NSLOTS': '8'}
fixed_image = <undefined>
fixed_image_mask = <undefined>
fixed_image_masks = ['/home/fmriprep/.cache/templateflow/tpl-OASIS30ANTs/tpl-OASIS30ANTs_res-01_desc-BrainCerebellumExtraction_mask.nii.gz']
float = True
initial_moving_transform = <undefined>
initial_moving_transform_com = <undefined>
initialize_transforms_per_stage = False
interpolation = LanczosWindowedSinc
interpolation_parameters = <undefined>
invert_initial_moving_transform = <undefined>
metric = ['MI', 'MI', ['CC', 'CC']]
metric_item_trait = <undefined>
metric_stage_trait = <undefined>
metric_weight = [1.0, 1.0, [0.5, 0.5]]
metric_weight_item_trait = 1.0
metric_weight_stage_trait = <undefined>
moving_image = <undefined>
moving_image_mask = <undefined>
moving_image_masks = <undefined>
num_threads = 8
number_of_iterations = [[1000, 500, 250, 100], [1000, 500, 250, 100], [50, 10, 0]]
output_inverse_warped_image = <undefined>
output_transform_prefix = anat_to_template
output_warped_image = True
radius_bins_item_trait = 5
radius_bins_stage_trait = <undefined>
radius_or_number_of_bins = [32, 32, [4, 4]]
restore_state = <undefined>
restrict_deformation = <undefined>
sampling_percentage = [0.25, 0.25, [1.0, 1.0]]
sampling_percentage_item_trait = <undefined>
sampling_percentage_stage_trait = <undefined>
sampling_strategy = ['Regular', 'Regular', ['None', 'None']]
sampling_strategy_item_trait = <undefined>
sampling_strategy_stage_trait = <undefined>
save_state = <undefined>
shrink_factors = [[8, 4, 2, 1], [8, 4, 2, 1], [4, 2, 1]]
sigma_units = ['vox', 'vox', 'vox']
smoothing_sigmas = [[4.0, 2.0, 1.0, 0.0], [4.0, 2.0, 1.0, 0.0], [2.0, 1.0, 0.0]]
transform_parameters = [(0.1,), (0.1,), (0.1, 3.0, 0.0)]
transforms = ['Rigid', 'Affine', 'SyN']
use_estimate_learning_rate_once = <undefined>
use_histogram_matching = True
verbose = True
winsorize_lower_quantile = 0.025
winsorize_upper_quantile = 0.975
write_composite_transform = False

Traceback (most recent call last):
  File "/opt/conda/lib/python3.8/site-packages/nipype/pipeline/plugins/multiproc.py", line 67, in run_node
    result["result"] = node.run(updatehash=updatehash)
  File "/opt/conda/lib/python3.8/site-packages/nipype/pipeline/engine/nodes.py", line 516, in run
    result = self._run_interface(execute=True)
  File "/opt/conda/lib/python3.8/site-packages/nipype/pipeline/engine/nodes.py", line 635, in _run_interface
    return self._run_command(execute)
  File "/opt/conda/lib/python3.8/site-packages/nipype/pipeline/engine/nodes.py", line 741, in _run_command
    result = self._interface.run(cwd=outdir)
  File "/opt/conda/lib/python3.8/site-packages/nipype/interfaces/base/core.py", line 428, in run
    runtime = self._run_interface(runtime)
  File "/opt/conda/lib/python3.8/site-packages/niworkflows/interfaces/fixes.py", line 103, in _run_interface
    runtime = super(FixHeaderRegistration, self)._run_interface(
  File "/opt/conda/lib/python3.8/site-packages/nipype/interfaces/ants/registration.py", line 1012, in _run_interface
    runtime = super(Registration, self)._run_interface(runtime)
  File "/opt/conda/lib/python3.8/site-packages/nipype/interfaces/base/core.py", line 822, in _run_interface
    self.raise_exception(runtime)
  File "/opt/conda/lib/python3.8/site-packages/nipype/interfaces/base/core.py", line 749, in raise_exception
    raise RuntimeError(
RuntimeError: Command:
antsRegistration --collapse-output-transforms 1 --dimensionality 3 --float 1 --initial-moving-transform [ /workdir/fmriprep_wf/single_subject_01_wf/anat_preproc_wf/brain_extraction_wf/init_aff/initialization.mat, 0 ] --initialize-transforms-per-stage 0 --interpolation LanczosWindowedSinc --output [ anat_to_template, anat_to_template_Warped.nii.gz ] --transform Rigid[ 0.1 ] --metric MI[ /home/fmriprep/.cache/templateflow/tpl-OASIS30ANTs/tpl-OASIS30ANTs_res-01_T1w.nii.gz, /workdir/fmriprep_wf/single_subject_01_wf/anat_preproc_wf/brain_extraction_wf/inu_n4/mapflow/_inu_n40/sub-01_T1w_maths_corrected.nii.gz, 1, 32, Regular, 0.25 ] --convergence [ 1000x500x250x100, 1e-08, 10 ] --smoothing-sigmas 4.0x2.0x1.0x0.0vox --shrink-factors 8x4x2x1 --use-histogram-matching 1 --masks [ /home/fmriprep/.cache/templateflow/tpl-OASIS30ANTs/tpl-OASIS30ANTs_res-01_desc-BrainCerebellumExtraction_mask.nii.gz, NULL ] --transform Affine[ 0.1 ] --metric MI[ /home/fmriprep/.cache/templateflow/tpl-OASIS30ANTs/tpl-OASIS30ANTs_res-01_T1w.nii.gz, /workdir/fmriprep_wf/single_subject_01_wf/anat_preproc_wf/brain_extraction_wf/inu_n4/mapflow/_inu_n40/sub-01_T1w_maths_corrected.nii.gz, 1, 32, Regular, 0.25 ] --convergence [ 1000x500x250x100, 1e-08, 10 ] --smoothing-sigmas 4.0x2.0x1.0x0.0vox --shrink-factors 8x4x2x1 --use-histogram-matching 1 --masks [ /home/fmriprep/.cache/templateflow/tpl-OASIS30ANTs/tpl-OASIS30ANTs_res-01_desc-BrainCerebellumExtraction_mask.nii.gz, NULL ] --transform SyN[ 0.1, 3.0, 0.0 ] --metric CC[ /home/fmriprep/.cache/templateflow/tpl-OASIS30ANTs/tpl-OASIS30ANTs_res-01_T1w.nii.gz, /workdir/fmriprep_wf/single_subject_01_wf/anat_preproc_wf/brain_extraction_wf/inu_n4/mapflow/_inu_n40/sub-01_T1w_maths_corrected.nii.gz, 0.5, 4, None, 1 ] --metric CC[ /workdir/fmriprep_wf/single_subject_01_wf/anat_preproc_wf/brain_extraction_wf/lap_tmpl/tpl-OASIS30ANTs_res-01_T1w_maths.nii.gz, /workdir/fmriprep_wf/single_subject_01_wf/anat_preproc_wf/brain_extraction_wf/lap_target/sub-01_T1w_maths_corrected_maths.nii.gz, 0.5, 4, None, 1 ] --convergence [ 50x10x0, 1e-09, 15 ] --smoothing-sigmas 2.0x1.0x0.0vox --shrink-factors 4x2x1 --use-histogram-matching 1 --masks [ /home/fmriprep/.cache/templateflow/tpl-OASIS30ANTs/tpl-OASIS30ANTs_res-01_desc-BrainCerebellumExtraction_mask.nii.gz, NULL ] -v --winsorize-image-intensities [ 0.025, 0.975 ]  --write-composite-transform 0
Standard output:
All_Command_lines_OK
Using single precision for computations.
=============================================================================
The composite transform comprises the following transforms (in order): 
  1. /workdir/fmriprep_wf/single_subject_01_wf/anat_preproc_wf/brain_extraction_wf/init_aff/initialization.mat (type = AffineTransform)
=============================================================================
  Reading mask(s).
    Registration stage 0
      Fixed mask = /home/fmriprep/.cache/templateflow/tpl-OASIS30ANTs/tpl-OASIS30ANTs_res-01_desc-BrainCerebellumExtraction_mask.nii.gz
      No moving mask
    Registration stage 1
      Fixed mask = /home/fmriprep/.cache/templateflow/tpl-OASIS30ANTs/tpl-OASIS30ANTs_res-01_desc-BrainCerebellumExtraction_mask.nii.gz
      No moving mask
    Registration stage 2
      Fixed mask = /home/fmriprep/.cache/templateflow/tpl-OASIS30ANTs/tpl-OASIS30ANTs_res-01_desc-BrainCerebellumExtraction_mask.nii.gz
      No moving mask
  number of levels = 4
  number of levels = 4
  number of levels = 3
  fixed image: /home/fmriprep/.cache/templateflow/tpl-OASIS30ANTs/tpl-OASIS30ANTs_res-01_T1w.nii.gz
  moving image: /workdir/fmriprep_wf/single_subject_01_wf/anat_preproc_wf/brain_extraction_wf/inu_n4/mapflow/_inu_n40/sub-01_T1w_maths_corrected.nii.gz
  fixed image: /home/fmriprep/.cache/templateflow/tpl-OASIS30ANTs/tpl-OASIS30ANTs_res-01_T1w.nii.gz
  moving image: /workdir/fmriprep_wf/single_subject_01_wf/anat_preproc_wf/brain_extraction_wf/inu_n4/mapflow/_inu_n40/sub-01_T1w_maths_corrected.nii.gz
  fixed image: /home/fmriprep/.cache/templateflow/tpl-OASIS30ANTs/tpl-OASIS30ANTs_res-01_T1w.nii.gz
  moving image: /workdir/fmriprep_wf/single_subject_01_wf/anat_preproc_wf/brain_extraction_wf/inu_n4/mapflow/_inu_n40/sub-01_T1w_maths_corrected.nii.gz
  fixed image: /workdir/fmriprep_wf/single_subject_01_wf/anat_preproc_wf/brain_extraction_wf/lap_tmpl/tpl-OASIS30ANTs_res-01_T1w_maths.nii.gz
  moving image: /workdir/fmriprep_wf/single_subject_01_wf/anat_preproc_wf/brain_extraction_wf/lap_target/sub-01_T1w_maths_corrected_maths.nii.gz
Dimension = 3
Number of stages = 3
Use Histogram Matching true
Winsorize image intensities true
Lower quantile = 0.025
Upper quantile = 0.975
Stage 1 State
   Image metric = Mattes
     Fixed image = Image (0x43e1d70)
  RTTI typeinfo:   itk::Image<float, 3u>
  Reference Count: 2
  Modified Time: 2151
  Debug: Off
  Object Name: 
  Observers: 
    none
  Source: (none)
  Source output name: (none)
  Release Data: Off
  Data Released: False
  Global Release Data: Off
  PipelineMTime: 0
  UpdateMTime: 1934
  RealTimeStamp: 0 seconds 
  LargestPossibleRegion: 
    Dimension: 3
    Index: [0, 0, 0]
    Size: [216, 291, 256]
  BufferedRegion: 
    Dimension: 3
    Index: [0, 0, 0]
    Size: [216, 291, 256]
  RequestedRegion: 
    Dimension: 3
    Index: [0, 0, 0]
    Size: [216, 291, 256]
  Spacing: [1, 1, 1]
  Origin: [215, 293, -255]
  Direction: 
-1 0 0
0 -1 0
0 0 1

  IndexToPointMatrix: 
-1 0 0
0 -1 0
0 0 1

  PointToIndexMatrix: 
-1 0 0
0 -1 0
0 0 1

  Inverse Direction: 
-1 0 0
0 -1 0
0 0 1

  PixelContainer: 
    ImportImageContainer (0x43dea60)
      RTTI typeinfo:   itk::ImportImageContainer<unsigned long, float>
      Reference Count: 1
      Modified Time: 1931
      Debug: Off
      Object Name: 
      Observers: 
        none
      Pointer: 0x7fbcc79c7010
      Container manages memory: true
      Size: 16091136
      Capacity: 16091136

     Moving image = Image (0x43ec5a0)
  RTTI typeinfo:   itk::Image<float, 3u>
  Reference Count: 2
  Modified Time: 2152
  Debug: Off
  Object Name: 
  Observers: 
    none
  Source: (none)
  Source output name: (none)
  Release Data: Off
  Data Released: False
  Global Release Data: Off
  PipelineMTime: 0
  UpdateMTime: 2149
  RealTimeStamp: 0 seconds 
  LargestPossibleRegion: 
    Dimension: 3
    Index: [0, 0, 0]
    Size: [176, 256, 256]
  BufferedRegion: 
    Dimension: 3
    Index: [0, 0, 0]
    Size: [176, 256, 256]
  RequestedRegion: 
    Dimension: 3
    Index: [0, 0, 0]
    Size: [176, 256, 256]
  Spacing: [1, 1, 1]
  Origin: [93.1811, 135.836, -142.402]
  Direction: 
-0.99961 -0.00207373 -0.0278442
0.00207292 -0.999998 5.77166e-05
-0.0278443 -2.49001e-08 0.999612

  IndexToPointMatrix: 
-0.999611 -0.00207373 -0.0278442
0.00207292 -0.999998 5.77166e-05
-0.0278443 -2.49001e-08 0.999612

  PointToIndexMatrix: 
-0.999609 0.00207292 -0.0278443
-0.00207373 -0.999998 -2.48985e-08
-0.0278442 5.77166e-05 0.999612

  Inverse Direction: 
-0.99961 0.00207292 -0.0278443
-0.00207373 -0.999998 -2.48985e-08
-0.0278442 5.77166e-05 0.999612

  PixelContainer: 
    ImportImageContainer (0x43ed790)
      RTTI typeinfo:   itk::ImportImageContainer<unsigned long, float>
      Reference Count: 1
      Modified Time: 2146
      Debug: Off
      Object Name: 
      Observers: 
        none
      Pointer: 0x7fbcc4dc6010
      Container manages memory: true
      Size: 11534336
      Capacity: 11534336

     Weighting = 1
     Sampling strategy = regular
     Number of bins = 32
     Radius = 4
     Sampling percentage  = 0.25
   Transform = Rigid
     Gradient step = 0.1
     Update field sigma (voxel space) = 0
     Total field sigma (voxel space) = 0
     Update field time sigma = 0
     Total field time sigma  = 0
     Number of time indices = 0
     Number of time point samples = 0
Stage 2 State
   Image metric = Mattes
     Fixed image = Image (0x43ec8e0)
  RTTI typeinfo:   itk::Image<float, 3u>
  Reference Count: 2
  Modified Time: 2581
  Debug: Off
  Object Name: 
  Observers: 
    none
  Source: (none)
  Source output name: (none)
  Release Data: Off
  Data Released: False
  Global Release Data: Off
  PipelineMTime: 0
  UpdateMTime: 2364
  RealTimeStamp: 0 seconds 
  LargestPossibleRegion: 
    Dimension: 3
    Index: [0, 0, 0]
    Size: [216, 291, 256]
  BufferedRegion: 
    Dimension: 3
    Index: [0, 0, 0]
    Size: [216, 291, 256]
  RequestedRegion: 
    Dimension: 3
    Index: [0, 0, 0]
    Size: [216, 291, 256]
  Spacing: [1, 1, 1]
  Origin: [215, 293, -255]
  Direction: 
-1 0 0
0 -1 0
0 0 1

  IndexToPointMatrix: 
-1 0 0
0 -1 0
0 0 1

  PointToIndexMatrix: 
-1 0 0
0 -1 0
0 0 1

  Inverse Direction: 
-1 0 0
0 -1 0
0 0 1

  PixelContainer: 
    ImportImageContainer (0x43e9a10)
      RTTI typeinfo:   itk::ImportImageContainer<unsigned long, float>
      Reference Count: 1
      Modified Time: 2361
      Debug: Off
      Object Name: 
      Observers: 
        none
      Pointer: 0x7fbcc1063010
      Container manages memory: true
      Size: 16091136
      Capacity: 16091136

     Moving image = Image (0x62a3880)
  RTTI typeinfo:   itk::Image<float, 3u>
  Reference Count: 2
  Modified Time: 2582
  Debug: Off
  Object Name: 
  Observers: 
    none
  Source: (none)
  Source output name: (none)
  Release Data: Off
  Data Released: False
  Global Release Data: Off
  PipelineMTime: 0
  UpdateMTime: 2579
  RealTimeStamp: 0 seconds 
  LargestPossibleRegion: 
    Dimension: 3
    Index: [0, 0, 0]
    Size: [176, 256, 256]
  BufferedRegion: 
    Dimension: 3
    Index: [0, 0, 0]
    Size: [176, 256, 256]
  RequestedRegion: 
    Dimension: 3
    Index: [0, 0, 0]
    Size: [176, 256, 256]
  Spacing: [1, 1, 1]
  Origin: [93.1811, 135.836, -142.402]
  Direction: 
-0.99961 -0.00207373 -0.0278442
0.00207292 -0.999998 5.77166e-05
-0.0278443 -2.49001e-08 0.999612

  IndexToPointMatrix: 
-0.999611 -0.00207373 -0.0278442
0.00207292 -0.999998 5.77166e-05
-0.0278443 -2.49001e-08 0.999612

  PointToIndexMatrix: 
-0.999609 0.00207292 -0.0278443
-0.00207373 -0.999998 -2.48985e-08
-0.0278442 5.77166e-05 0.999612

  Inverse Direction: 
-0.99961 0.00207292 -0.0278443
-0.00207373 -0.999998 -2.48985e-08
-0.0278442 5.77166e-05 0.999612

  PixelContainer: 
    ImportImageContainer (0x43e6a70)
      RTTI typeinfo:   itk::ImportImageContainer<unsigned long, float>
      Reference Count: 1
      Modified Time: 2576
      Debug: Off
      Object Name: 
      Observers: 
        none
      Pointer: 0x7fbcbe462010
      Container manages memory: true
      Size: 11534336
      Capacity: 11534336

     Weighting = 1
     Sampling strategy = regular
     Number of bins = 32
     Radius = 4
     Sampling percentage  = 0.25
   Transform = Affine
     Gradient step = 0.1
     Update field sigma (voxel space) = 0
     Total field sigma (voxel space) = 0
     Update field time sigma = 0
     Total field time sigma  = 0
     Number of time indices = 0
     Number of time point samples = 0
Stage 3 State
   Image metric = CC
     Fixed image = Image (0x62a4030)
  RTTI typeinfo:   itk::Image<float, 3u>
  Reference Count: 2
  Modified Time: 3011
  Debug: Off
  Object Name: 
  Observers: 
    none
  Source: (none)
  Source output name: (none)
  Release Data: Off
  Data Released: False
  Global Release Data: Off
  PipelineMTime: 0
  UpdateMTime: 2794
  RealTimeStamp: 0 seconds 
  LargestPossibleRegion: 
    Dimension: 3
    Index: [0, 0, 0]
    Size: [216, 291, 256]
  BufferedRegion: 
    Dimension: 3
    Index: [0, 0, 0]
    Size: [216, 291, 256]
  RequestedRegion: 
    Dimension: 3
    Index: [0, 0, 0]
    Size: [216, 291, 256]
  Spacing: [1, 1, 1]
  Origin: [215, 293, -255]
  Direction: 
-1 0 0
0 -1 0
0 0 1

  IndexToPointMatrix: 
-1 0 0
0 -1 0
0 0 1

  PointToIndexMatrix: 
-1 0 0
0 -1 0
0 0 1

  Inverse Direction: 
-1 0 0
0 -1 0
0 0 1

  PixelContainer: 
    ImportImageContainer (0x62a5f50)
      RTTI typeinfo:   itk::ImportImageContainer<unsigned long, float>
      Reference Count: 1
      Modified Time: 2791
      Debug: Off
      Object Name: 
      Observers: 
        none
      Pointer: 0x7fbcba6ff010
      Container manages memory: true
      Size: 16091136
      Capacity: 16091136

     Moving image = Image (0x62a3c10)
  RTTI typeinfo:   itk::Image<float, 3u>
  Reference Count: 2
  Modified Time: 3012
  Debug: Off
  Object Name: 
  Observers: 
    none
  Source: (none)
  Source output name: (none)
  Release Data: Off
  Data Released: False
  Global Release Data: Off
  PipelineMTime: 0
  UpdateMTime: 3009
  RealTimeStamp: 0 seconds 
  LargestPossibleRegion: 
    Dimension: 3
    Index: [0, 0, 0]
    Size: [176, 256, 256]
  BufferedRegion: 
    Dimension: 3
    Index: [0, 0, 0]
    Size: [176, 256, 256]
  RequestedRegion: 
    Dimension: 3
    Index: [0, 0, 0]
    Size: [176, 256, 256]
  Spacing: [1, 1, 1]
  Origin: [93.1811, 135.836, -142.402]
  Direction: 
-0.99961 -0.00207373 -0.0278442
0.00207292 -0.999998 5.77166e-05
-0.0278443 -2.49001e-08 0.999612

  IndexToPointMatrix: 
-0.999611 -0.00207373 -0.0278442
0.00207292 -0.999998 5.77166e-05
-0.0278443 -2.49001e-08 0.999612

  PointToIndexMatrix: 
-0.999609 0.00207292 -0.0278443
-0.00207373 -0.999998 -2.48985e-08
-0.0278442 5.77166e-05 0.999612

  Inverse Direction: 
-0.99961 0.00207292 -0.0278443
-0.00207373 -0.999998 -2.48985e-08
-0.0278442 5.77166e-05 0.999612

  PixelContainer: 
    ImportImageContainer (0x62ab940)
      RTTI typeinfo:   itk::ImportImageContainer<unsigned long, float>
      Reference Count: 1
      Modified Time: 3006
      Debug: Off
      Object Name: 
      Observers: 
        none
      Pointer: 0x7fbcb7afe010
      Container manages memory: true
      Size: 11534336
      Capacity: 11534336

     Weighting = 0.5
     Sampling strategy = none
     Number of bins = 32
     Radius = 4
     Sampling percentage  = 1
   Transform = SyN
     Gradient step = 0.1
     Update field sigma (voxel space) = 3
     Total field sigma (voxel space) = 0
     Update field time sigma = 0
     Total field time sigma  = 0
     Number of time indices = 0
     Number of time point samples = 0
Registration using 3 total stages.

Stage 0
  iterations = 1000x500x250x100
  convergence threshold = 1e-08
  convergence window size = 10
  number of levels = 4
  using the Mattes MI metric (number of bins = 32, weight = 1)
  preprocessing:  winsorizing the image intensities
  preprocessing:  histogram matching the images
  Shrink factors (level 1 out of 4): [8, 8, 8]
  Shrink factors (level 2 out of 4): [4, 4, 4]
  Shrink factors (level 3 out of 4): [2, 2, 2]
  Shrink factors (level 4 out of 4): [1, 1, 1]
  smoothing sigmas per level: [4, 2, 1, 0]
  regular sampling (percentage = 0.25)

*** Running Euler3DTransform registration ***

DIAGNOSTIC,Iteration,metricValue,convergenceValue,ITERATION_TIME_INDEX,SINCE_LAST
 2DIAGNOSTIC,     1, -9.132815003395e-01, inf, 7.4094e-01, 7.4094e-01, 
 2DIAGNOSTIC,     2, -9.153053760529e-01, inf, 7.4594e-01, 5.0020e-03, 
 2DIAGNOSTIC,     3, -9.182442426682e-01, inf, 7.5037e-01, 4.4210e-03, 
 2DIAGNOSTIC,     4, -9.217821359634e-01, inf, 7.5514e-01, 4.7760e-03, 
 2DIAGNOSTIC,     5, -9.248632788658e-01, inf, 7.6123e-01, 6.0861e-03, 
 2DIAGNOSTIC,     6, -9.284985065460e-01, inf, 7.6568e-01, 4.4560e-03, 
 2DIAGNOSTIC,     7, -9.376423358917e-01, inf, 7.6988e-01, 4.2009e-03, 
 2DIAGNOSTIC,     8, -9.383000135422e-01, inf, 7.7495e-01, 5.0662e-03, 
 2DIAGNOSTIC,     9, -9.408395290375e-01, inf, 7.8050e-01, 5.5499e-03, 
 2DIAGNOSTIC,    10, -9.458695054054e-01, 2.359616337344e-03, 7.8527e-01, 4.7700e-03, 
 2DIAGNOSTIC,    11, -9.571811556816e-01, 2.421946963295e-03, 7.9191e-01, 6.6440e-03, 
 2DIAGNOSTIC,    12, -9.645081758499e-01, 2.483182121068e-03, 7.9787e-01, 5.9550e-03, 
 2DIAGNOSTIC,    13, -9.651916623116e-01, 2.394565381110e-03, 8.0338e-01, 5.5141e-03, 
 2DIAGNOSTIC,    14, -9.655088186264e-01, 2.191880485043e-03, 8.0925e-01, 5.8651e-03, 
 2DIAGNOSTIC,    15, -9.654542803764e-01, 1.878409297206e-03, 8.1491e-01, 5.6641e-03, 
 2DIAGNOSTIC,    16, -9.655914306641e-01, 1.496304408647e-03, 8.2157e-01, 6.6559e-03, 
 2DIAGNOSTIC,    17, -9.658292531967e-01, 1.187826041132e-03, 8.2697e-01, 5.3999e-03, 
 2DIAGNOSTIC,    18, -9.657316207886e-01, 8.164647733793e-04, 8.3306e-01, 6.0880e-03, 
 2DIAGNOSTIC,    19, -9.658549427986e-01, 4.535180341918e-04, 8.3935e-01, 6.2981e-03, 
 2DIAGNOSTIC,    20, -9.658559560776e-01, 1.577943039592e-04, 8.4531e-01, 5.9600e-03, 
 2DIAGNOSTIC,    21, -9.657810926437e-01, 3.389740959392e-05, 8.5152e-01, 6.2010e-03, 
 2DIAGNOSTIC,    22, -9.657829999924e-01, 1.806651744118e-05, 8.5683e-01, 5.3110e-03, 
 2DIAGNOSTIC,    23, -9.657837152481e-01, 1.088711087505e-05, 8.6193e-01, 5.1041e-03, 
 2DIAGNOSTIC,    24, -9.658615589142e-01, 8.404957952735e-06, 8.6632e-01, 4.3900e-03, 
 2DIAGNOSTIC,    25, -9.658629298210e-01, 4.766078745888e-06, 8.7061e-01, 4.2851e-03, 
 2DIAGNOSTIC,    26, -9.658636450768e-01, 2.625734850881e-06, 8.7459e-01, 3.9840e-03, 
 2DIAGNOSTIC,    27, -9.658634066582e-01, 3.208630914742e-06, 8.7831e-01, 3.7189e-03, 
 2DIAGNOSTIC,    28, -9.658663868904e-01, 2.496891511328e-06, 8.8292e-01, 4.6110e-03, 
 2DIAGNOSTIC,    29, -9.658643603325e-01, 2.932342567874e-06, 8.8830e-01, 5.3821e-03, 
 2DIAGNOSTIC,    30, -9.658676385880e-01, 3.228428113289e-06, 8.9621e-01, 7.9129e-03, 
 2DIAGNOSTIC,    31, -9.658680558205e-01, 2.596430476842e-06, 9.0206e-01, 5.8420e-03, 
 2DIAGNOSTIC,    32, -9.658685326576e-01, 1.887779603749e-06, 9.0712e-01, 5.0662e-03, 
 2DIAGNOSTIC,    33, -9.658677577972e-01, 1.118652221521e-06, 9.1237e-01, 5.2481e-03, 
 2DIAGNOSTIC,    34, -9.658679962158e-01, 1.065646983989e-06, 9.1647e-01, 4.1010e-03, 
 2DIAGNOSTIC,    35, -9.658684134483e-01, 1.019340743369e-06, 9.2151e-01, 5.0399e-03, 
 2DIAGNOSTIC,    36, -9.658685922623e-01, 9.732472108226e-07, 9.2654e-01, 5.0318e-03, 
 2DIAGNOSTIC,    37, -9.658682942390e-01, 9.172987347483e-07, 9.3090e-01, 4.3530e-03, 
 2DIAGNOSTIC,    38, -9.658680558205e-01, 8.822319728097e-07, 9.3516e-01, 4.2639e-03, 
 2DIAGNOSTIC,    39, -9.658682942390e-01, 8.313066359733e-07, 9.3932e-01, 4.1580e-03, 
 2DIAGNOSTIC,    40, -9.658681154251e-01, 8.049840403146e-07, 9.4422e-01, 4.8969e-03, 
 2DIAGNOSTIC,    41, -9.658685326576e-01, 7.857092896302e-07, 9.4856e-01, 4.3452e-03, 
 2DIAGNOSTIC,    42, -9.658684730530e-01, 7.702917628194e-07, 9.5333e-01, 4.7660e-03, 
 2DIAGNOSTIC,    43, -9.658684730530e-01, 7.497712886106e-07, 9.5772e-01, 4.3921e-03, 
 2DIAGNOSTIC,    44, -9.658690690994e-01, 7.354568083429e-07, 9.6203e-01, 4.3159e-03, 
 2DIAGNOSTIC,    45, -9.658686518669e-01, 7.210243779809e-07, 9.6678e-01, 4.7491e-03, 
 2DIAGNOSTIC,    46, -9.658686518669e-01, 7.077782697706e-07, 9.7122e-01, 4.4370e-03, 
 2DIAGNOSTIC,    47, -9.658683538437e-01, 6.904303972988e-07, 9.7631e-01, 5.0859e-03, 
 2DIAGNOSTIC,    48, -9.658682346344e-01, 6.708369824082e-07, 9.8054e-01, 4.2300e-03, 
 2DIAGNOSTIC,    49, -9.658684134483e-01, 6.543338031406e-07, 9.8486e-01, 4.3221e-03, 
 2DIAGNOSTIC,    50, -9.658684134483e-01, 6.373390988301e-07, 9.9019e-01, 5.3341e-03, 
 2DIAGNOSTIC,    51, -9.658684730530e-01, 6.242549375202e-07, 9.9768e-01, 7.4899e-03, 
 2DIAGNOSTIC,    52, -9.658682346344e-01, 6.104407361818e-07, 1.0033e+00, 5.5761e-03, 
 2DIAGNOSTIC,    53, -9.658681154251e-01, 5.969957328489e-07, 1.0082e+00, 4.9751e-03, 
 2DIAGNOSTIC,    54, -9.658683538437e-01, 5.894110017834e-07, 1.0132e+00, 5.0120e-03, 
 2DIAGNOSTIC,    55, -9.658683538437e-01, 5.801450129184e-07, 1.0176e+00, 4.3421e-03, 
 2DIAGNOSTIC,    56, -9.658683538437e-01, 5.715054953725e-07, 1.0216e+00, 4.0231e-03, 
 2DIAGNOSTIC,    57, -9.658683538437e-01, 5.617522447210e-07, 1.0250e+00, 3.3722e-03, 
 2DIAGNOSTIC,    58, -9.658683538437e-01, 5.517426870938e-07, 1.0292e+00, 4.2310e-03, 
 2DIAGNOSTIC,    59, -9.658683538437e-01, 5.429880616248e-07, 1.0378e+00, 8.5440e-03, 
 2DIAGNOSTIC,    60, -9.658683538437e-01, 5.344755322767e-07, 1.0422e+00, 4.4310e-03, 
 2DIAGNOSTIC,    61, -9.658683538437e-01, 5.265060281090e-07, 1.0507e+00, 8.5049e-03, 
 2DIAGNOSTIC,    62, -9.658683538437e-01, 5.175335218155e-07, 1.0594e+00, 8.6689e-03, 
 2DIAGNOSTIC,    63, -9.658683538437e-01, 5.081454901301e-07, 1.0675e+00, 8.1000e-03, 
 2DIAGNOSTIC,    64, -9.658683538437e-01, 5.001558065487e-07, 1.0735e+00, 6.0101e-03, 
 2DIAGNOSTIC,    65, -9.658683538437e-01, 4.924134486828e-07, 1.0778e+00, 4.3662e-03, 
 2DIAGNOSTIC,    66, -9.658683538437e-01, 4.849071615354e-07, 1.0828e+00, 4.9388e-03, 
 2DIAGNOSTIC,    67, -9.658683538437e-01, 4.776262585438e-07, 1.0893e+00, 6.5701e-03, 
 2DIAGNOSTIC,    68, -9.658683538437e-01, 4.705607921096e-07, 1.0972e+00, 7.9000e-03, 
 2DIAGNOSTIC,    69, -9.658683538437e-01, 4.637012978037e-07, 1.1050e+00, 7.7500e-03, 
 2DIAGNOSTIC,    70, -9.658683538437e-01, 4.570389364744e-07, 1.1125e+00, 7.5130e-03, 
 2DIAGNOSTIC,    71, -9.658683538437e-01, 4.505652952957e-07, 1.1180e+00, 5.4410e-03, 
 2DIAGNOSTIC,    72, -9.658683538437e-01, 4.442724730325e-07, 1.1230e+00, 5.0821e-03, 
 2DIAGNOSTIC,    73, -9.658683538437e-01, 4.381530231967e-07, 1.1282e+00, 5.1370e-03, 
 2DIAGNOSTIC,    74, -9.658683538437e-01, 4.321998687828e-07, 1.1334e+00, 5.2619e-03, 
 2DIAGNOSTIC,    75, -9.658683538437e-01, 4.264063022674e-07, 1.1396e+00, 6.1259e-03, 
 2DIAGNOSTIC,    76, -9.658683538437e-01, 4.207660140310e-07, 1.1475e+00, 7.9269e-03, 
 2DIAGNOSTIC,    77, -9.658683538437e-01, 4.152729786711e-07, 1.1530e+00, 5.5158e-03, 
 2DIAGNOSTIC,    78, -9.658684730530e-01, 4.103735591343e-07, 1.1586e+00, 5.5509e-03, 
 2DIAGNOSTIC,    79, -9.658684730530e-01, 4.055423517002e-07, 1.1640e+00, 5.4049e-03, 
 2DIAGNOSTIC,    80, -9.658684730530e-01, 4.007571305920e-07, 1.1688e+00, 4.8280e-03, 
 2DIAGNOSTIC,    81, -9.658684730530e-01, 3.959880530147e-07, 1.1756e+00, 6.8018e-03, 
 2DIAGNOSTIC,    82, -9.658684730530e-01, 3.912063277767e-07, 1.1800e+00, 4.4391e-03, 
 2DIAGNOSTIC,    83, -9.658684730530e-01, 3.863999893383e-07, 1.1843e+00, 4.2300e-03, 
 2DIAGNOSTIC,    84, -9.658680558205e-01, 3.801136756465e-07, 1.1894e+00, 5.1470e-03, 
 2DIAGNOSTIC,    85, -9.658680558205e-01, 3.740616989489e-07, 1.1949e+00, 5.5459e-03, 
 2DIAGNOSTIC,    86, -9.658680558205e-01, 3.683265106247e-07, 1.2019e+00, 6.9730e-03, 
 2DIAGNOSTIC,    87, -9.658680558205e-01, 3.630066487403e-07, 1.2071e+00, 5.1680e-03, 
 2DIAGNOSTIC,    88, -9.658680558205e-01, 3.586310128867e-07, 1.2113e+00, 4.2288e-03, 
 2DIAGNOSTIC,    89, -9.658680558205e-01, 3.548123288510e-07, 1.2156e+00, 4.2682e-03, 
 2DIAGNOSTIC,    90, -9.658680558205e-01, 3.514917921166e-07, 1.2205e+00, 4.9071e-03, 
 2DIAGNOSTIC,    91, -9.658680558205e-01, 3.485639012979e-07, 1.2291e+00, 8.5800e-03, 
 2DIAGNOSTIC,    92, -9.658680558205e-01, 3.459293793640e-07, 1.2347e+00, 5.6591e-03, 
 2DIAGNOSTIC,    93, -9.658680558205e-01, 3.435194741996e-07, 1.2427e+00, 7.9169e-03, 
 2DIAGNOSTIC,    94, -9.658680558205e-01, 3.398494072826e-07, 1.2498e+00, 7.1790e-03, 
 2DIAGNOSTIC,    95, -9.658680558205e-01, 3.362569032106e-07, 1.2567e+00, 6.8672e-03, 
 2DIAGNOSTIC,    96, -9.658680558205e-01, 3.327395745600e-07, 1.2646e+00, 7.9451e-03, 
 2DIAGNOSTIC,    97, -9.658680558205e-01, 3.292950907507e-07, 1.2729e+00, 8.2679e-03, 
 2DIAGNOSTIC,    98, -9.658680558205e-01, 3.259211496243e-07, 1.2783e+00, 5.3990e-03, 
 2DIAGNOSTIC,    99, -9.658680558205e-01, 3.226156763958e-07, 1.2839e+00, 5.6219e-03, 
 2DIAGNOSTIC,   100, -9.658680558205e-01, 3.193765678589e-07, 1.2899e+00, 5.9669e-03, 
 2DIAGNOSTIC,   101, -9.658680558205e-01, 3.162018344938e-07, 1.2952e+00, 5.2969e-03, 
 2DIAGNOSTIC,   102, -9.658680558205e-01, 3.130896288894e-07, 1.2997e+00, 4.5109e-03, 
 2DIAGNOSTIC,   103, -9.658680558205e-01, 3.100380752130e-07, 1.3067e+00, 7.0000e-03, 
 2DIAGNOSTIC,   104, -9.658680558205e-01, 3.070454113185e-07, 1.3134e+00, 6.6600e-03, 
 2DIAGNOSTIC,   105, -9.658680558205e-01, 3.041099887469e-07, 1.3182e+00, 4.8509e-03, 
 2DIAGNOSTIC,   106, -9.658680558205e-01, 3.012301590388e-07, 1.3232e+00, 4.9751e-03, 
 2DIAGNOSTIC,   107, -9.658680558205e-01, 2.984043874221e-07, 1.3277e+00, 4.4658e-03, 
 2DIAGNOSTIC,   108, -9.658680558205e-01, 2.956311107027e-07, 1.3320e+00, 4.3921e-03, 
 2DIAGNOSTIC,   109, -9.658680558205e-01, 2.929089077952e-07, 1.3373e+00, 5.2140e-03, 
 2DIAGNOSTIC,   110, -9.658680558205e-01, 2.902363860358e-07, 1.3417e+00, 4.4050e-03, 
 2DIAGNOSTIC,   111, -9.658680558205e-01, 2.876121811823e-07, 1.3459e+00, 4.2379e-03, 
 2DIAGNOSTIC,   112, -9.658680558205e-01, 2.850350142580e-07, 1.3503e+00, 4.3449e-03, 
 2DIAGNOSTIC,   113, -9.658680558205e-01, 2.825036062859e-07, 1.3567e+00, 6.4909e-03, 
 2DIAGNOSTIC,   114, -9.658680558205e-01, 2.800167919759e-07, 1.3612e+00, 4.4339e-03, 
 2DIAGNOSTIC,   115, -9.658680558205e-01, 2.775733776161e-07, 1.3655e+00, 4.3001e-03, 
 2DIAGNOSTIC,   116, -9.658680558205e-01, 2.751721979166e-07, 1.3703e+00, 4.7901e-03, 
 2DIAGNOSTIC,   117, -9.658680558205e-01, 2.728122581175e-07, 1.3747e+00, 4.3900e-03, 
 2DIAGNOSTIC,   118, -9.658680558205e-01, 2.704924213504e-07, 1.3788e+00, 4.1552e-03, 
 2DIAGNOSTIC,   119, -9.658680558205e-01, 2.682116928554e-07, 1.3831e+00, 4.2551e-03, 
 2DIAGNOSTIC,   120, -9.658680558205e-01, 2.659691347162e-07, 1.3873e+00, 4.2799e-03, 
 2DIAGNOSTIC,   121, -9.658680558205e-01, 2.637637521730e-07, 1.3916e+00, 4.2880e-03, 
 2DIAGNOSTIC,   122, -9.658680558205e-01, 2.615946357309e-07, 1.3958e+00, 4.1571e-03, 
 2DIAGNOSTIC,   123, -9.658680558205e-01, 2.594609043172e-07, 1.3999e+00, 4.0698e-03, 
 2DIAGNOSTIC,   124, -9.658680558205e-01, 2.573617337021e-07, 1.4040e+00, 4.0970e-03, 
 2DIAGNOSTIC,   125, -9.658680558205e-01, 2.552962143909e-07, 1.4082e+00, 4.2019e-03, 
 2DIAGNOSTIC,   126, -9.658680558205e-01, 2.532636074193e-07, 1.4124e+00, 4.2479e-03, 
 2DIAGNOSTIC,   127, -9.658680558205e-01, 2.512631169793e-07, 1.4166e+00, 4.1540e-03, 
 2DIAGNOSTIC,   128, -9.658680558205e-01, 2.492939472631e-07, 1.4208e+00, 4.2472e-03, 
 2DIAGNOSTIC,   129, -9.658680558205e-01, 2.473554445714e-07, 1.4251e+00, 4.2579e-03, 
 2DIAGNOSTIC,   130, -9.658680558205e-01, 2.454468415181e-07, 1.4294e+00, 4.3070e-03, 
 2DIAGNOSTIC,   131, -9.658680558205e-01, 2.435674559820e-07, 1.4363e+00, 6.8791e-03, 
 2DIAGNOSTIC,   132, -9.658680558205e-01, 2.417166342639e-07, 1.4433e+00, 7.0119e-03, 
 2DIAGNOSTIC,   133, -9.658680558205e-01, 2.398937510861e-07, 1.4504e+00, 7.1671e-03, 
 2DIAGNOSTIC,   134, -9.658680558205e-01, 2.380981243277e-07, 1.4576e+00, 7.1301e-03, 
 2DIAGNOSTIC,   135, -9.658680558205e-01, 2.363291997654e-07, 1.4647e+00, 7.1731e-03, 
 2DIAGNOSTIC,   136, -9.658680558205e-01, 2.345863521214e-07, 1.4695e+00, 4.7538e-03, 
 2DIAGNOSTIC,   137, -9.658680558205e-01, 2.328690271725e-07, 1.4740e+00, 4.4742e-03, 
 2DIAGNOSTIC,   138, -9.658680558205e-01, 2.311766706953e-07, 1.4782e+00, 4.1878e-03, 
 2DIAGNOSTIC,   139, -9.658680558205e-01, 2.295087284665e-07, 1.4827e+00, 4.5619e-03, 
 2DIAGNOSTIC,   140, -9.658680558205e-01, 2.278646888954e-07, 1.4878e+00, 5.0859e-03, 
 2DIAGNOSTIC,   141, -9.658680558205e-01, 2.262440261802e-07, 1.4925e+00, 4.6699e-03, 
 2DIAGNOSTIC,   142, -9.658680558205e-01, 2.246462571520e-07, 1.4974e+00, 4.9601e-03, 
 2DIAGNOSTIC,   143, -9.658680558205e-01, 2.230708986417e-07, 1.5020e+00, 4.5712e-03, 
 2DIAGNOSTIC,   144, -9.658680558205e-01, 2.215174816911e-07, 1.5063e+00, 4.2820e-03, 
 2DIAGNOSTIC,   145, -9.658680558205e-01, 2.199855515528e-07, 1.5107e+00, 4.4441e-03, 
 2DIAGNOSTIC,   146, -9.658680558205e-01, 2.184746676903e-07, 1.5153e+00, 4.5700e-03, 
 2DIAGNOSTIC,   147, -9.658680558205e-01, 2.169843895672e-07, 1.5213e+00, 6.0081e-03, 
 2DIAGNOSTIC,   148, -9.658680558205e-01, 2.155143050686e-07, 1.5259e+00, 4.5950e-03, 
 2DIAGNOSTIC,   149, -9.658680558205e-01, 2.140640020798e-07, 1.5306e+00, 4.6561e-03, 
 2DIAGNOSTIC,   150, -9.658680558205e-01, 2.126330969077e-07, 1.5353e+00, 4.7829e-03, 
 2DIAGNOSTIC,   151, -9.658680558205e-01, 2.112211916483e-07, 1.5398e+00, 4.4260e-03, 
 2DIAGNOSTIC,   152, -9.658680558205e-01, 2.098279168194e-07, 1.5441e+00, 4.3180e-03, 
 2DIAGNOSTIC,   153, -9.658680558205e-01, 2.084528887281e-07, 1.5484e+00, 4.3480e-03, 
 2DIAGNOSTIC,   154, -9.658680558205e-01, 2.070957805245e-07, 1.5528e+00, 4.4010e-03, 
 2DIAGNOSTIC,   155, -9.658680558205e-01, 2.057562227264e-07, 1.5578e+00, 5.0151e-03, 
 2DIAGNOSTIC,   156, -9.658681154251e-01, 2.045465947731e-07, 1.5620e+00, 4.1308e-03, 
 2DIAGNOSTIC,   157, -9.658681154251e-01, 2.033382600075e-07, 1.5663e+00, 4.2830e-03, 
 2DIAGNOSTIC,   158, -9.658681154251e-01, 2.021262019980e-07, 1.5705e+00, 4.2200e-03, 
 2DIAGNOSTIC,   159, -9.658681154251e-01, 2.009033721606e-07, 1.5762e+00, 5.6920e-03, 
 2DIAGNOSTIC,   160, -9.658681154251e-01, 1.996627503331e-07, 1.5809e+00, 4.7050e-03, 
 2DIAGNOSTIC,   161, -9.658681154251e-01, 1.984014659229e-07, 1.5855e+00, 4.5929e-03, 
 2DIAGNOSTIC,   162, -9.658681154251e-01, 1.971230858544e-07, 1.5906e+00, 5.1770e-03, 
 2DIAGNOSTIC,   163, -9.658681154251e-01, 1.958350139830e-07, 1.5962e+00, 5.5289e-03, 
 2DIAGNOSTIC,   164, -9.658681154251e-01, 1.945443273144e-07, 1.6015e+00, 5.2850e-03, 
 2DIAGNOSTIC,   165, -9.658681154251e-01, 1.932558575390e-07, 1.6056e+00, 4.1430e-03, 
 2DIAGNOSTIC,   166, -9.658681154251e-01, 1.920888479390e-07, 1.6100e+00, 4.3659e-03, 
 2DIAGNOSTIC,   167, -9.658681154251e-01, 1.909358644525e-07, 1.6142e+00, 4.2400e-03, 
 2DIAGNOSTIC,   168, -9.658681154251e-01, 1.897966228626e-07, 1.6185e+00, 4.3252e-03, 
 2DIAGNOSTIC,   169, -9.658681154251e-01, 1.886709100063e-07, 1.6227e+00, 4.1640e-03, 
 2DIAGNOSTIC,   170, -9.658681154251e-01, 1.875584558775e-07, 1.6270e+00, 4.2551e-03, 
 2DIAGNOSTIC,   171, -9.658681154251e-01, 1.864590473133e-07, 1.6311e+00, 4.1640e-03, 
 2DIAGNOSTIC,   172, -9.658681154251e-01, 1.853724569401e-07, 1.6354e+00, 4.2441e-03, 
 2DIAGNOSTIC,   173, -9.658681154251e-01, 1.842984573841e-07, 1.6404e+00, 4.9958e-03, 
 2DIAGNOSTIC,   174, -9.658681154251e-01, 1.832368354826e-07, 1.6447e+00, 4.3001e-03, 
 2DIAGNOSTIC,   175, -9.658681154251e-01, 1.821873638619e-07, 1.6491e+00, 4.4620e-03, 
 2DIAGNOSTIC,   176, -9.658681154251e-01, 1.811498577808e-07, 1.6543e+00, 5.1310e-03, 
 2DIAGNOSTIC,   177, -9.658681154251e-01, 1.801240898658e-07, 1.6595e+00, 5.2979e-03, 
 2DIAGNOSTIC,   178, -9.658681154251e-01, 1.791098753756e-07, 1.6648e+00, 5.2218e-03, 
 2DIAGNOSTIC,   179, -9.658681154251e-01, 1.781070295692e-07, 1.6698e+00, 5.0621e-03, 
 2DIAGNOSTIC,   180, -9.658681154251e-01, 1.771153392838e-07, 1.6742e+00, 4.3640e-03, 
 2DIAGNOSTIC,   181, -9.658681154251e-01, 1.761346339890e-07, 1.6791e+00, 4.9360e-03, 
 2DIAGNOSTIC,   182, -9.658681154251e-01, 1.751647289439e-07, 1.6845e+00, 5.3949e-03, 
 2DIAGNOSTIC,   183, -9.658681154251e-01, 1.742054536180e-07, 1.6900e+00, 5.5192e-03, 
 2DIAGNOSTIC,   184, -9.658681154251e-01, 1.732566232704e-07, 1.6955e+00, 5.4071e-03, 
 2DIAGNOSTIC,   185, -9.658681154251e-01, 1.723180673707e-07, 1.6997e+00, 4.2460e-03, 
 2DIAGNOSTIC,   186, -9.658681154251e-01, 1.713896295996e-07, 1.7041e+00, 4.3511e-03, 
 2DIAGNOSTIC,   187, -9.658681154251e-01, 1.704711394268e-07, 1.7083e+00, 4.2379e-03, 
 2DIAGNOSTIC,   188, -9.658681154251e-01, 1.695624405329e-07, 1.7126e+00, 4.2839e-03, 
 2DIAGNOSTIC,   189, -9.658681154251e-01, 1.686633908093e-07, 1.7174e+00, 4.7832e-03, 
 2DIAGNOSTIC,   190, -9.658681154251e-01, 1.677738197259e-07, 1.7216e+00, 4.2229e-03, 
 2DIAGNOSTIC,   191, -9.658681154251e-01, 1.668935709631e-07, 1.7258e+00, 4.2679e-03, 
 2DIAGNOSTIC,   192, -9.658681154251e-01, 1.660225166233e-07, 1.7301e+00, 4.2989e-03, 
 2DIAGNOSTIC,   193, -9.658681154251e-01, 1.651605145980e-07, 1.7344e+00, 4.2920e-03, 
 2DIAGNOSTIC,   194, -9.658681154251e-01, 1.643074085678e-07, 1.7385e+00, 4.0970e-03, 
 2DIAGNOSTIC,   195, -9.658681154251e-01, 1.634630848457e-07, 1.7428e+00, 4.2689e-03, 
 2DIAGNOSTIC,   196, -9.658681154251e-01, 1.626273729016e-07, 1.7469e+00, 4.1220e-03, 
 2DIAGNOSTIC,   197, -9.658681154251e-01, 1.618001874704e-07, 1.7526e+00, 5.6798e-03, 
 2DIAGNOSTIC,   198, -9.658681154251e-01, 1.609813580217e-07, 1.7608e+00, 8.1930e-03, 
 2DIAGNOSTIC,   199, -9.658681154251e-01, 1.601707708687e-07, 1.7679e+00, 7.1020e-03, 
 2DIAGNOSTIC,   200, -9.658681154251e-01, 1.593683123247e-07, 1.7760e+00, 8.0559e-03, 
 2DIAGNOSTIC,   201, -9.658681154251e-01, 1.585738544918e-07, 1.7843e+00, 8.3520e-03, 
 2DIAGNOSTIC,   202, -9.658681154251e-01, 1.577872836833e-07, 1.7911e+00, 6.8121e-03, 
 2DIAGNOSTIC,   203, -9.658681154251e-01, 1.570084720015e-07, 1.7960e+00, 4.9021e-03, 
 2DIAGNOSTIC,   204, -9.658681154251e-01, 1.562373057595e-07, 1.8028e+00, 6.8111e-03, 
 2DIAGNOSTIC,   205, -9.658681154251e-01, 1.554736854814e-07, 1.8087e+00, 5.8270e-03, 
 2DIAGNOSTIC,   206, -9.658681154251e-01, 1.547174832695e-07, 1.8132e+00, 4.5879e-03, 
 2DIAGNOSTIC,   207, -9.658681154251e-01, 1.539686138585e-07, 1.8200e+00, 6.7511e-03, 
 2DIAGNOSTIC,   208, -9.658679366112e-01, 1.529735129679e-07, 1.8290e+00, 9.0101e-03, 
 2DIAGNOSTIC,   209, -9.658679366112e-01, 1.520198367189e-07, 1.8378e+00, 8.8270e-03, 
 2DIAGNOSTIC,   210, -9.658679366112e-01, 1.511182432523e-07, 1.8455e+00, 7.6890e-03, 
 2DIAGNOSTIC,   211, -9.658679366112e-01, 1.502840802914e-07, 1.8511e+00, 5.6219e-03, 
 2DIAGNOSTIC,   212, -9.658679366112e-01, 1.495327381917e-07, 1.8564e+00, 5.2240e-03, 
 2DIAGNOSTIC,   213, -9.658679366112e-01, 1.488702991992e-07, 1.8618e+00, 5.4252e-03, 
 2DIAGNOSTIC,   214, -9.658679366112e-01, 1.482882936443e-07, 1.8668e+00, 4.9980e-03, 
 2DIAGNOSTIC,   215, -9.658679366112e-01, 1.477694979712e-07, 1.8721e+00, 5.3220e-03, 
 2DIAGNOSTIC,   216, -9.658679366112e-01, 1.472972854799e-07, 1.8766e+00, 4.4842e-03, 
 2DIAGNOSTIC,   217, -9.658679366112e-01, 1.468601595889e-07, 1.8810e+00, 4.3621e-03, 
 2DIAGNOSTIC,   218, -9.658679366112e-01, 1.461852576767e-07, 1.8871e+00, 6.1300e-03, 
 2DIAGNOSTIC,   219, -9.658679366112e-01, 1.455165232755e-07, 1.8955e+00, 8.3699e-03, 
 2DIAGNOSTIC,   220, -9.658679366112e-01, 1.448538711202e-07, 1.9036e+00, 8.1260e-03, 
 2DIAGNOSTIC,   221, -9.658679366112e-01, 1.441972443672e-07, 1.9123e+00, 8.7459e-03, 
 2DIAGNOSTIC,   222, -9.658679366112e-01, 1.435465293298e-07, 1.9197e+00, 7.3211e-03, 
 2DIAGNOSTIC,   223, -9.658679366112e-01, 1.429016691645e-07, 1.9280e+00, 8.3621e-03, 
 2DIAGNOSTIC,   224, -9.658679366112e-01, 1.422625643954e-07, 1.9364e+00, 8.3661e-03, 
 2DIAGNOSTIC,   225, -9.658679366112e-01, 1.416291723899e-07, 1.9448e+00, 8.4410e-03, 
 2DIAGNOSTIC,   226, -9.658679366112e-01, 1.410013794612e-07, 1.9531e+00, 8.2641e-03, 
 2DIAGNOSTIC,   227, -9.658679366112e-01, 1.403791287657e-07, 1.9611e+00, 8.0070e-03, 
 2DIAGNOSTIC,   228, -9.658679366112e-01, 1.397623492494e-07, 1.9690e+00, 7.8721e-03, 
 2DIAGNOSTIC,   229, -9.658679366112e-01, 1.391509698578e-07, 1.9763e+00, 7.2992e-03, 
 2DIAGNOSTIC,   230, -9.658679366112e-01, 1.385449053259e-07, 1.9834e+00, 7.1359e-03, 
 2DIAGNOSTIC,   231, -9.658679366112e-01, 1.379441130211e-07, 1.9901e+00, 6.7160e-03, 
 2DIAGNOSTIC,   232, -9.658679366112e-01, 1.373484934675e-07, 1.9959e+00, 5.8198e-03, 
 2DIAGNOSTIC,   233, -9.658679366112e-01, 1.367580040323e-07, 2.0033e+00, 7.3612e-03, 
 2DIAGNOSTIC,   234, -9.658679366112e-01, 1.361725594506e-07, 2.0100e+00, 6.7160e-03, 
 2DIAGNOSTIC,   235, -9.658679366112e-01, 1.355921170898e-07, 2.0189e+00, 8.9099e-03, 
 2DIAGNOSTIC,   236, -9.658679366112e-01, 1.350166058955e-07, 2.0260e+00, 7.0829e-03, 
 2DIAGNOSTIC,   237, -9.658679366112e-01, 1.344459548136e-07, 2.0318e+00, 5.8060e-03, 
 2DIAGNOSTIC,   238, -9.658679366112e-01, 1.338800927897e-07, 2.0376e+00, 5.8119e-03, 
 2DIAGNOSTIC,   239, -9.658679366112e-01, 1.333189914021e-07, 2.0430e+00, 5.4052e-03, 
 2DIAGNOSTIC,   240, -9.658679366112e-01, 1.327625653857e-07, 2.0485e+00, 5.4200e-03, 
 2DIAGNOSTIC,   241, -9.658679366112e-01, 1.322107721080e-07, 2.0542e+00, 5.7640e-03, 
 2DIAGNOSTIC,   242, -9.658679366112e-01, 1.316635405146e-07, 2.0599e+00, 5.6710e-03, 
 2DIAGNOSTIC,   243, -9.658679366112e-01, 1.311208279731e-07, 2.0655e+00, 5.5971e-03, 
 2DIAGNOSTIC,   244, -9.658679366112e-01, 1.305825634290e-07, 2.0736e+00, 8.1449e-03, 
 2DIAGNOSTIC,   245, -9.658679366112e-01, 1.300487042499e-07, 2.0801e+00, 6.5041e-03, 
 2DIAGNOSTIC,   246, -9.658679366112e-01, 1.295191793815e-07, 2.0871e+00, 6.9900e-03, 
 2DIAGNOSTIC,   247, -9.658679366112e-01, 1.289939604021e-07, 2.0928e+00, 5.6450e-03, 
 2DIAGNOSTIC,   248, -9.658679366112e-01, 1.284729904683e-07, 2.0981e+00, 5.2829e-03, 
 2DIAGNOSTIC,   249, -9.658679366112e-01, 1.279561985257e-07, 2.1036e+00, 5.5449e-03, 
