Node: fmriprep_wf.single_subject_01_wf.anat_preproc_wf.brain_extraction_wf.norm
Working directory: /tmp/work/fmriprep_wf/single_subject_01_wf/anat_preproc_wf/brain_extraction_wf/norm

Node inputs:

args = <undefined>
collapse_output_transforms = True
convergence_threshold = [1e-08, 1e-08, 1e-09]
convergence_window_size = [10, 10, 15]
dimension = 3
environ = {'NSLOTS': '8'}
fixed_image = <undefined>
fixed_image_mask = <undefined>
fixed_image_masks = ['/home/fmriprep/.cache/templateflow/tpl-OASIS30ANTs/tpl-OASIS30ANTs_res-01_desc-BrainCerebellumExtraction_mask.nii.gz']
float = True
initial_moving_transform = <undefined>
initial_moving_transform_com = <undefined>
initialize_transforms_per_stage = False
interpolation = LanczosWindowedSinc
interpolation_parameters = <undefined>
invert_initial_moving_transform = <undefined>
metric = ['MI', 'MI', ['CC', 'CC']]
metric_item_trait = <undefined>
metric_stage_trait = <undefined>
metric_weight = [1.0, 1.0, [0.5, 0.5]]
metric_weight_item_trait = 1.0
metric_weight_stage_trait = <undefined>
moving_image = <undefined>
moving_image_mask = <undefined>
moving_image_masks = <undefined>
num_threads = 8
number_of_iterations = [[1000, 500, 250, 100], [1000, 500, 250, 100], [50, 10, 0]]
output_inverse_warped_image = <undefined>
output_transform_prefix = anat_to_template
output_warped_image = True
radius_bins_item_trait = 5
radius_bins_stage_trait = <undefined>
radius_or_number_of_bins = [32, 32, [4, 4]]
restore_state = <undefined>
restrict_deformation = <undefined>
sampling_percentage = [0.25, 0.25, [1.0, 1.0]]
sampling_percentage_item_trait = <undefined>
sampling_percentage_stage_trait = <undefined>
sampling_strategy = ['Regular', 'Regular', ['None', 'None']]
sampling_strategy_item_trait = <undefined>
sampling_strategy_stage_trait = <undefined>
save_state = <undefined>
shrink_factors = [[8, 4, 2, 1], [8, 4, 2, 1], [4, 2, 1]]
sigma_units = ['vox', 'vox', 'vox']
smoothing_sigmas = [[4.0, 2.0, 1.0, 0.0], [4.0, 2.0, 1.0, 0.0], [2.0, 1.0, 0.0]]
transform_parameters = [(0.1,), (0.1,), (0.1, 3.0, 0.0)]
transforms = ['Rigid', 'Affine', 'SyN']
use_estimate_learning_rate_once = <undefined>
use_histogram_matching = True
verbose = True
winsorize_lower_quantile = 0.025
winsorize_upper_quantile = 0.975
write_composite_transform = False

Traceback (most recent call last):
  File "/opt/conda/lib/python3.8/site-packages/nipype/pipeline/plugins/multiproc.py", line 67, in run_node
    result["result"] = node.run(updatehash=updatehash)
  File "/opt/conda/lib/python3.8/site-packages/nipype/pipeline/engine/nodes.py", line 516, in run
    result = self._run_interface(execute=True)
  File "/opt/conda/lib/python3.8/site-packages/nipype/pipeline/engine/nodes.py", line 635, in _run_interface
    return self._run_command(execute)
  File "/opt/conda/lib/python3.8/site-packages/nipype/pipeline/engine/nodes.py", line 741, in _run_command
    result = self._interface.run(cwd=outdir)
  File "/opt/conda/lib/python3.8/site-packages/nipype/interfaces/base/core.py", line 428, in run
    runtime = self._run_interface(runtime)
  File "/opt/conda/lib/python3.8/site-packages/niworkflows/interfaces/fixes.py", line 103, in _run_interface
    runtime = super(FixHeaderRegistration, self)._run_interface(
  File "/opt/conda/lib/python3.8/site-packages/nipype/interfaces/ants/registration.py", line 1012, in _run_interface
    runtime = super(Registration, self)._run_interface(runtime)
  File "/opt/conda/lib/python3.8/site-packages/nipype/interfaces/base/core.py", line 822, in _run_interface
    self.raise_exception(runtime)
  File "/opt/conda/lib/python3.8/site-packages/nipype/interfaces/base/core.py", line 749, in raise_exception
    raise RuntimeError(
RuntimeError: Command:
antsRegistration --collapse-output-transforms 1 --dimensionality 3 --float 1 --initial-moving-transform [ /tmp/work/fmriprep_wf/single_subject_01_wf/anat_preproc_wf/brain_extraction_wf/init_aff/initialization.mat, 0 ] --initialize-transforms-per-stage 0 --interpolation LanczosWindowedSinc --output [ anat_to_template, anat_to_template_Warped.nii.gz ] --transform Rigid[ 0.1 ] --metric MI[ /home/fmriprep/.cache/templateflow/tpl-OASIS30ANTs/tpl-OASIS30ANTs_res-01_T1w.nii.gz, /tmp/work/fmriprep_wf/single_subject_01_wf/anat_preproc_wf/brain_extraction_wf/inu_n4/mapflow/_inu_n40/sub-01_T1w_maths_corrected.nii.gz, 1, 32, Regular, 0.25 ] --convergence [ 1000x500x250x100, 1e-08, 10 ] --smoothing-sigmas 4.0x2.0x1.0x0.0vox --shrink-factors 8x4x2x1 --use-histogram-matching 1 --masks [ /home/fmriprep/.cache/templateflow/tpl-OASIS30ANTs/tpl-OASIS30ANTs_res-01_desc-BrainCerebellumExtraction_mask.nii.gz, NULL ] --transform Affine[ 0.1 ] --metric MI[ /home/fmriprep/.cache/templateflow/tpl-OASIS30ANTs/tpl-OASIS30ANTs_res-01_T1w.nii.gz, /tmp/work/fmriprep_wf/single_subject_01_wf/anat_preproc_wf/brain_extraction_wf/inu_n4/mapflow/_inu_n40/sub-01_T1w_maths_corrected.nii.gz, 1, 32, Regular, 0.25 ] --convergence [ 1000x500x250x100, 1e-08, 10 ] --smoothing-sigmas 4.0x2.0x1.0x0.0vox --shrink-factors 8x4x2x1 --use-histogram-matching 1 --masks [ /home/fmriprep/.cache/templateflow/tpl-OASIS30ANTs/tpl-OASIS30ANTs_res-01_desc-BrainCerebellumExtraction_mask.nii.gz, NULL ] --transform SyN[ 0.1, 3.0, 0.0 ] --metric CC[ /home/fmriprep/.cache/templateflow/tpl-OASIS30ANTs/tpl-OASIS30ANTs_res-01_T1w.nii.gz, /tmp/work/fmriprep_wf/single_subject_01_wf/anat_preproc_wf/brain_extraction_wf/inu_n4/mapflow/_inu_n40/sub-01_T1w_maths_corrected.nii.gz, 0.5, 4, None, 1 ] --metric CC[ /tmp/work/fmriprep_wf/single_subject_01_wf/anat_preproc_wf/brain_extraction_wf/lap_tmpl/tpl-OASIS30ANTs_res-01_T1w_maths.nii.gz, /tmp/work/fmriprep_wf/single_subject_01_wf/anat_preproc_wf/brain_extraction_wf/lap_target/sub-01_T1w_maths_corrected_maths.nii.gz, 0.5, 4, None, 1 ] --convergence [ 50x10x0, 1e-09, 15 ] --smoothing-sigmas 2.0x1.0x0.0vox --shrink-factors 4x2x1 --use-histogram-matching 1 --masks [ /home/fmriprep/.cache/templateflow/tpl-OASIS30ANTs/tpl-OASIS30ANTs_res-01_desc-BrainCerebellumExtraction_mask.nii.gz, NULL ] -v --winsorize-image-intensities [ 0.025, 0.975 ]  --write-composite-transform 0
Standard output:
All_Command_lines_OK
Using single precision for computations.
=============================================================================
The composite transform comprises the following transforms (in order): 
  1. /tmp/work/fmriprep_wf/single_subject_01_wf/anat_preproc_wf/brain_extraction_wf/init_aff/initialization.mat (type = AffineTransform)
=============================================================================
  Reading mask(s).
    Registration stage 0
      Fixed mask = /home/fmriprep/.cache/templateflow/tpl-OASIS30ANTs/tpl-OASIS30ANTs_res-01_desc-BrainCerebellumExtraction_mask.nii.gz
      No moving mask
    Registration stage 1
      Fixed mask = /home/fmriprep/.cache/templateflow/tpl-OASIS30ANTs/tpl-OASIS30ANTs_res-01_desc-BrainCerebellumExtraction_mask.nii.gz
      No moving mask
    Registration stage 2
      Fixed mask = /home/fmriprep/.cache/templateflow/tpl-OASIS30ANTs/tpl-OASIS30ANTs_res-01_desc-BrainCerebellumExtraction_mask.nii.gz
      No moving mask
  number of levels = 4
  number of levels = 4
  number of levels = 3
  fixed image: /home/fmriprep/.cache/templateflow/tpl-OASIS30ANTs/tpl-OASIS30ANTs_res-01_T1w.nii.gz
  moving image: /tmp/work/fmriprep_wf/single_subject_01_wf/anat_preproc_wf/brain_extraction_wf/inu_n4/mapflow/_inu_n40/sub-01_T1w_maths_corrected.nii.gz
  fixed image: /home/fmriprep/.cache/templateflow/tpl-OASIS30ANTs/tpl-OASIS30ANTs_res-01_T1w.nii.gz
  moving image: /tmp/work/fmriprep_wf/single_subject_01_wf/anat_preproc_wf/brain_extraction_wf/inu_n4/mapflow/_inu_n40/sub-01_T1w_maths_corrected.nii.gz
  fixed image: /home/fmriprep/.cache/templateflow/tpl-OASIS30ANTs/tpl-OASIS30ANTs_res-01_T1w.nii.gz
  moving image: /tmp/work/fmriprep_wf/single_subject_01_wf/anat_preproc_wf/brain_extraction_wf/inu_n4/mapflow/_inu_n40/sub-01_T1w_maths_corrected.nii.gz
  fixed image: /tmp/work/fmriprep_wf/single_subject_01_wf/anat_preproc_wf/brain_extraction_wf/lap_tmpl/tpl-OASIS30ANTs_res-01_T1w_maths.nii.gz
  moving image: /tmp/work/fmriprep_wf/single_subject_01_wf/anat_preproc_wf/brain_extraction_wf/lap_target/sub-01_T1w_maths_corrected_maths.nii.gz
Dimension = 3
Number of stages = 3
Use Histogram Matching true
Winsorize image intensities true
Lower quantile = 0.025
Upper quantile = 0.975
Stage 1 State
   Image metric = Mattes
     Fixed image = Image (0x3f74d80)
  RTTI typeinfo:   itk::Image<float, 3u>
  Reference Count: 2
  Modified Time: 2151
  Debug: Off
  Object Name: 
  Observers: 
    none
  Source: (none)
  Source output name: (none)
  Release Data: Off
  Data Released: False
  Global Release Data: Off
  PipelineMTime: 0
  UpdateMTime: 1934
  RealTimeStamp: 0 seconds 
  LargestPossibleRegion: 
    Dimension: 3
    Index: [0, 0, 0]
    Size: [216, 291, 256]
  BufferedRegion: 
    Dimension: 3
    Index: [0, 0, 0]
    Size: [216, 291, 256]
  RequestedRegion: 
    Dimension: 3
    Index: [0, 0, 0]
    Size: [216, 291, 256]
  Spacing: [1, 1, 1]
  Origin: [215, 293, -255]
  Direction: 
-1 0 0
0 -1 0
0 0 1

  IndexToPointMatrix: 
-1 0 0
0 -1 0
0 0 1

  PointToIndexMatrix: 
-1 0 0
0 -1 0
0 0 1

  Inverse Direction: 
-1 0 0
0 -1 0
0 0 1

  PixelContainer: 
    ImportImageContainer (0x3f71a70)
      RTTI typeinfo:   itk::ImportImageContainer<unsigned long, float>
      Reference Count: 1
      Modified Time: 1931
      Debug: Off
      Object Name: 
      Observers: 
        none
      Pointer: 0x7f746e55f010
      Container manages memory: true
      Size: 16091136
      Capacity: 16091136

     Moving image = Image (0x3f7f5b0)
  RTTI typeinfo:   itk::Image<float, 3u>
  Reference Count: 2
  Modified Time: 2152
  Debug: Off
  Object Name: 
  Observers: 
    none
  Source: (none)
  Source output name: (none)
  Release Data: Off
  Data Released: False
  Global Release Data: Off
  PipelineMTime: 0
  UpdateMTime: 2149
  RealTimeStamp: 0 seconds 
  LargestPossibleRegion: 
    Dimension: 3
    Index: [0, 0, 0]
    Size: [176, 256, 256]
  BufferedRegion: 
    Dimension: 3
    Index: [0, 0, 0]
    Size: [176, 256, 256]
  RequestedRegion: 
    Dimension: 3
    Index: [0, 0, 0]
    Size: [176, 256, 256]
  Spacing: [1, 1, 1]
  Origin: [93.1811, 135.836, -142.402]
  Direction: 
-0.99961 -0.00207373 -0.0278442
0.00207292 -0.999998 5.77166e-05
-0.0278443 -2.49001e-08 0.999612

  IndexToPointMatrix: 
-0.999611 -0.00207373 -0.0278442
0.00207292 -0.999998 5.77166e-05
-0.0278443 -2.49001e-08 0.999612

  PointToIndexMatrix: 
-0.999609 0.00207292 -0.0278443
-0.00207373 -0.999998 -2.48985e-08
-0.0278442 5.77166e-05 0.999612

  Inverse Direction: 
-0.99961 0.00207292 -0.0278443
-0.00207373 -0.999998 -2.48985e-08
-0.0278442 5.77166e-05 0.999612

  PixelContainer: 
    ImportImageContainer (0x3f807a0)
      RTTI typeinfo:   itk::ImportImageContainer<unsigned long, float>
      Reference Count: 1
      Modified Time: 2146
      Debug: Off
      Object Name: 
      Observers: 
        none
      Pointer: 0x7f746b95e010
      Container manages memory: true
      Size: 11534336
      Capacity: 11534336

     Weighting = 1
     Sampling strategy = regular
     Number of bins = 32
     Radius = 4
     Sampling percentage  = 0.25
   Transform = Rigid
     Gradient step = 0.1
     Update field sigma (voxel space) = 0
     Total field sigma (voxel space) = 0
     Update field time sigma = 0
     Total field time sigma  = 0
     Number of time indices = 0
     Number of time point samples = 0
Stage 2 State
   Image metric = Mattes
     Fixed image = Image (0x3f7f8f0)
  RTTI typeinfo:   itk::Image<float, 3u>
  Reference Count: 2
  Modified Time: 2581
  Debug: Off
  Object Name: 
  Observers: 
    none
  Source: (none)
  Source output name: (none)
  Release Data: Off
  Data Released: False
  Global Release Data: Off
  PipelineMTime: 0
  UpdateMTime: 2364
  RealTimeStamp: 0 seconds 
  LargestPossibleRegion: 
    Dimension: 3
    Index: [0, 0, 0]
    Size: [216, 291, 256]
  BufferedRegion: 
    Dimension: 3
    Index: [0, 0, 0]
    Size: [216, 291, 256]
  RequestedRegion: 
    Dimension: 3
    Index: [0, 0, 0]
    Size: [216, 291, 256]
  Spacing: [1, 1, 1]
  Origin: [215, 293, -255]
  Direction: 
-1 0 0
0 -1 0
0 0 1

  IndexToPointMatrix: 
-1 0 0
0 -1 0
0 0 1

  PointToIndexMatrix: 
-1 0 0
0 -1 0
0 0 1

  Inverse Direction: 
-1 0 0
0 -1 0
0 0 1

  PixelContainer: 
    ImportImageContainer (0x3f7ca20)
      RTTI typeinfo:   itk::ImportImageContainer<unsigned long, float>
      Reference Count: 1
      Modified Time: 2361
      Debug: Off
      Object Name: 
      Observers: 
        none
      Pointer: 0x7f7467bfb010
      Container manages memory: true
      Size: 16091136
      Capacity: 16091136

     Moving image = Image (0x5e36890)
  RTTI typeinfo:   itk::Image<float, 3u>
  Reference Count: 2
  Modified Time: 2582
  Debug: Off
  Object Name: 
  Observers: 
    none
  Source: (none)
  Source output name: (none)
  Release Data: Off
  Data Released: False
  Global Release Data: Off
  PipelineMTime: 0
  UpdateMTime: 2579
  RealTimeStamp: 0 seconds 
  LargestPossibleRegion: 
    Dimension: 3
    Index: [0, 0, 0]
    Size: [176, 256, 256]
  BufferedRegion: 
    Dimension: 3
    Index: [0, 0, 0]
    Size: [176, 256, 256]
  RequestedRegion: 
    Dimension: 3
    Index: [0, 0, 0]
    Size: [176, 256, 256]
  Spacing: [1, 1, 1]
  Origin: [93.1811, 135.836, -142.402]
  Direction: 
-0.99961 -0.00207373 -0.0278442
0.00207292 -0.999998 5.77166e-05
-0.0278443 -2.49001e-08 0.999612

  IndexToPointMatrix: 
-0.999611 -0.00207373 -0.0278442
0.00207292 -0.999998 5.77166e-05
-0.0278443 -2.49001e-08 0.999612

  PointToIndexMatrix: 
-0.999609 0.00207292 -0.0278443
-0.00207373 -0.999998 -2.48985e-08
-0.0278442 5.77166e-05 0.999612

  Inverse Direction: 
-0.99961 0.00207292 -0.0278443
-0.00207373 -0.999998 -2.48985e-08
-0.0278442 5.77166e-05 0.999612

  PixelContainer: 
    ImportImageContainer (0x3f7a350)
      RTTI typeinfo:   itk::ImportImageContainer<unsigned long, float>
      Reference Count: 1
      Modified Time: 2576
      Debug: Off
      Object Name: 
      Observers: 
        none
      Pointer: 0x7f7464ffa010
      Container manages memory: true
      Size: 11534336
      Capacity: 11534336

     Weighting = 1
     Sampling strategy = regular
     Number of bins = 32
     Radius = 4
     Sampling percentage  = 0.25
   Transform = Affine
     Gradient step = 0.1
     Update field sigma (voxel space) = 0
     Total field sigma (voxel space) = 0
     Update field time sigma = 0
     Total field time sigma  = 0
     Number of time indices = 0
     Number of time point samples = 0
Stage 3 State
   Image metric = CC
     Fixed image = Image (0x5e36fd0)
  RTTI typeinfo:   itk::Image<float, 3u>
  Reference Count: 2
  Modified Time: 3011
  Debug: Off
  Object Name: 
  Observers: 
    none
  Source: (none)
  Source output name: (none)
  Release Data: Off
  Data Released: False
  Global Release Data: Off
  PipelineMTime: 0
  UpdateMTime: 2794
  RealTimeStamp: 0 seconds 
  LargestPossibleRegion: 
    Dimension: 3
    Index: [0, 0, 0]
    Size: [216, 291, 256]
  BufferedRegion: 
    Dimension: 3
    Index: [0, 0, 0]
    Size: [216, 291, 256]
  RequestedRegion: 
    Dimension: 3
    Index: [0, 0, 0]
    Size: [216, 291, 256]
  Spacing: [1, 1, 1]
  Origin: [215, 293, -255]
  Direction: 
-1 0 0
0 -1 0
0 0 1

  IndexToPointMatrix: 
-1 0 0
0 -1 0
0 0 1

  PointToIndexMatrix: 
-1 0 0
0 -1 0
0 0 1

  Inverse Direction: 
-1 0 0
0 -1 0
0 0 1

  PixelContainer: 
    ImportImageContainer (0x5e39010)
      RTTI typeinfo:   itk::ImportImageContainer<unsigned long, float>
      Reference Count: 1
      Modified Time: 2791
      Debug: Off
      Object Name: 
      Observers: 
        none
      Pointer: 0x7f7461297010
      Container manages memory: true
      Size: 16091136
      Capacity: 16091136

     Moving image = Image (0x5e3c1d0)
  RTTI typeinfo:   itk::Image<float, 3u>
  Reference Count: 2
  Modified Time: 3012
  Debug: Off
  Object Name: 
  Observers: 
    none
  Source: (none)
  Source output name: (none)
  Release Data: Off
  Data Released: False
  Global Release Data: Off
  PipelineMTime: 0
  UpdateMTime: 3009
  RealTimeStamp: 0 seconds 
  LargestPossibleRegion: 
    Dimension: 3
    Index: [0, 0, 0]
    Size: [176, 256, 256]
  BufferedRegion: 
    Dimension: 3
    Index: [0, 0, 0]
    Size: [176, 256, 256]
  RequestedRegion: 
    Dimension: 3
    Index: [0, 0, 0]
    Size: [176, 256, 256]
  Spacing: [1, 1, 1]
  Origin: [93.1811, 135.836, -142.402]
  Direction: 
-0.99961 -0.00207373 -0.0278442
0.00207292 -0.999998 5.77166e-05
-0.0278443 -2.49001e-08 0.999612

  IndexToPointMatrix: 
-0.999611 -0.00207373 -0.0278442
0.00207292 -0.999998 5.77166e-05
-0.0278443 -2.49001e-08 0.999612

  PointToIndexMatrix: 
-0.999609 0.00207292 -0.0278443
-0.00207373 -0.999998 -2.48985e-08
-0.0278442 5.77166e-05 0.999612

  Inverse Direction: 
-0.99961 0.00207292 -0.0278443
-0.00207373 -0.999998 -2.48985e-08
-0.0278442 5.77166e-05 0.999612

  PixelContainer: 
    ImportImageContainer (0x5e3ea10)
      RTTI typeinfo:   itk::ImportImageContainer<unsigned long, float>
      Reference Count: 1
      Modified Time: 3006
      Debug: Off
      Object Name: 
      Observers: 
        none
      Pointer: 0x7f745e696010
      Container manages memory: true
      Size: 11534336
      Capacity: 11534336

     Weighting = 0.5
     Sampling strategy = none
     Number of bins = 32
     Radius = 4
     Sampling percentage  = 1
   Transform = SyN
     Gradient step = 0.1
     Update field sigma (voxel space) = 3
     Total field sigma (voxel space) = 0
     Update field time sigma = 0
     Total field time sigma  = 0
     Number of time indices = 0
     Number of time point samples = 0
Registration using 3 total stages.

Stage 0
  iterations = 1000x500x250x100
  convergence threshold = 1e-08
  convergence window size = 10
  number of levels = 4
  using the Mattes MI metric (number of bins = 32, weight = 1)
  preprocessing:  winsorizing the image intensities
  preprocessing:  histogram matching the images
  Shrink factors (level 1 out of 4): [8, 8, 8]
  Shrink factors (level 2 out of 4): [4, 4, 4]
  Shrink factors (level 3 out of 4): [2, 2, 2]
  Shrink factors (level 4 out of 4): [1, 1, 1]
  smoothing sigmas per level: [4, 2, 1, 0]
  regular sampling (percentage = 0.25)

*** Running Euler3DTransform registration ***

DIAGNOSTIC,Iteration,metricValue,convergenceValue,ITERATION_TIME_INDEX,SINCE_LAST
 2DIAGNOSTIC,     1, -9.038696885109e-01, inf, 2.5796e-01, 2.5796e-01, 
 2DIAGNOSTIC,     2, -9.040446281433e-01, inf, 2.5924e-01, 1.2889e-03, 
 2DIAGNOSTIC,     3, -9.049665331841e-01, inf, 2.6045e-01, 1.2028e-03, 
 2DIAGNOSTIC,     4, -9.062693119049e-01, inf, 2.6164e-01, 1.1959e-03, 
 2DIAGNOSTIC,     5, -9.083814620972e-01, inf, 2.6280e-01, 1.1539e-03, 
 2DIAGNOSTIC,     6, -9.125895500183e-01, inf, 2.6415e-01, 1.3499e-03, 
 2DIAGNOSTIC,     7, -9.170653223991e-01, inf, 2.6564e-01, 1.4961e-03, 
 2DIAGNOSTIC,     8, -9.183709025383e-01, inf, 2.6732e-01, 1.6739e-03, 
 2DIAGNOSTIC,     9, -9.184358716011e-01, inf, 2.6841e-01, 1.0891e-03, 
 2DIAGNOSTIC,    10, -9.227697253227e-01, 1.456500613131e-03, 2.6971e-01, 1.3058e-03, 
 2DIAGNOSTIC,    11, -9.433608055115e-01, 1.946943229996e-03, 2.7114e-01, 1.4269e-03, 
 2DIAGNOSTIC,    12, -9.469711184502e-01, 2.260758774355e-03, 2.7266e-01, 1.5249e-03, 
 2DIAGNOSTIC,    13, -9.472437500954e-01, 2.355366945267e-03, 2.7386e-01, 1.1911e-03, 
 2DIAGNOSTIC,    14, -9.475846886635e-01, 2.268063137308e-03, 2.7505e-01, 1.1969e-03, 
 2DIAGNOSTIC,    15, -9.480103254318e-01, 2.035307697952e-03, 2.7639e-01, 1.3399e-03, 
 2DIAGNOSTIC,    16, -9.487039446831e-01, 1.730848918669e-03, 2.7789e-01, 1.4939e-03, 
 2DIAGNOSTIC,    17, -9.489260315895e-01, 1.386860269122e-03, 2.7906e-01, 1.1780e-03, 
 2DIAGNOSTIC,    18, -9.491934776306e-01, 9.873586241156e-04, 2.8024e-01, 1.1742e-03, 
 2DIAGNOSTIC,    19, -9.494571089745e-01, 5.478166858666e-04, 2.8172e-01, 1.4849e-03, 
 2DIAGNOSTIC,    20, -9.495438337326e-01, 1.615582441445e-04, 2.8320e-01, 1.4770e-03, 
 2DIAGNOSTIC,    21, -9.497158527374e-01, 9.835463424679e-05, 2.8455e-01, 1.3499e-03, 
 2DIAGNOSTIC,    22, -9.501873850822e-01, 8.852790779201e-05, 2.8613e-01, 1.5831e-03, 
 2DIAGNOSTIC,    23, -9.507938027382e-01, 8.295278530568e-05, 2.8792e-01, 1.7850e-03, 
 2DIAGNOSTIC,    24, -9.513941407204e-01, 8.196671115002e-05, 2.8920e-01, 1.2820e-03, 
 2DIAGNOSTIC,    25, -9.514353871346e-01, 7.895886665210e-05, 2.9048e-01, 1.2760e-03, 
 2DIAGNOSTIC,    26, -9.515661597252e-01, 7.866993109928e-05, 2.9176e-01, 1.2829e-03, 
 2DIAGNOSTIC,    27, -9.517297148705e-01, 7.537109922851e-05, 2.9354e-01, 1.7850e-03, 
 2DIAGNOSTIC,    28, -9.517650604248e-01, 6.838288391009e-05, 2.9483e-01, 1.2901e-03, 
 2DIAGNOSTIC,    29, -9.518600106239e-01, 5.926875019213e-05, 2.9611e-01, 1.2798e-03, 
 2DIAGNOSTIC,    30, -9.521537423134e-01, 4.919907223666e-05, 2.9790e-01, 1.7841e-03, 
 2DIAGNOSTIC,    31, -9.521942138672e-01, 3.725508213392e-05, 2.9917e-01, 1.2758e-03, 
 2DIAGNOSTIC,    32, -9.522724151611e-01, 2.776024120976e-05, 3.0046e-01, 1.2820e-03, 
 2DIAGNOSTIC,    33, -9.524238109589e-01, 2.314814992133e-05, 3.0221e-01, 1.7569e-03, 
 2DIAGNOSTIC,    34, -9.524646997452e-01, 2.239489367639e-05, 3.0340e-01, 1.1830e-03, 
 2DIAGNOSTIC,    35, -9.524925947189e-01, 2.020520332735e-05, 3.0456e-01, 1.1592e-03, 
 2DIAGNOSTIC,    36, -9.525379538536e-01, 1.776358294592e-05, 3.0572e-01, 1.1690e-03, 
 2DIAGNOSTIC,    37, -9.526032209396e-01, 1.574218367750e-05, 3.0690e-01, 1.1721e-03, 
 2DIAGNOSTIC,    38, -9.527003765106e-01, 1.344772317680e-05, 3.0874e-01, 1.8401e-03, 
 2DIAGNOSTIC,    39, -9.527098536491e-01, 1.080926267605e-05, 3.1003e-01, 1.2891e-03, 
 2DIAGNOSTIC,    40, -9.527443051338e-01, 9.856875294645e-06, 3.1132e-01, 1.2980e-03, 
 2DIAGNOSTIC,    41, -9.528566598892e-01, 9.212459190167e-06, 3.1326e-01, 1.9400e-03, 
 2DIAGNOSTIC,    42, -9.528005719185e-01, 7.898489457148e-06, 3.1457e-01, 1.3039e-03, 
 2DIAGNOSTIC,    43, -9.528090357780e-01, 7.097745310602e-06, 3.1584e-01, 1.2710e-03, 
 2DIAGNOSTIC,    44, -9.528307914734e-01, 6.163963007566e-06, 3.1710e-01, 1.2619e-03, 
 2DIAGNOSTIC,    45, -9.528552293777e-01, 5.094090283819e-06, 3.1873e-01, 1.6270e-03, 
 2DIAGNOSTIC,    46, -9.529601931572e-01, 4.620381332643e-06, 3.2059e-01, 1.8642e-03, 
 2DIAGNOSTIC,    47, -9.528934955597e-01, 3.757120794035e-06, 3.2189e-01, 1.3001e-03, 
 2DIAGNOSTIC,    48, -9.529022574425e-01, 3.335862629683e-06, 3.2318e-01, 1.2920e-03, 
 2DIAGNOSTIC,    49, -9.529204964638e-01, 2.844685241143e-06, 3.2459e-01, 1.4110e-03, 
 2DIAGNOSTIC,    50, -9.529432654381e-01, 2.471328343745e-06, 3.2592e-01, 1.3289e-03, 
 2DIAGNOSTIC,    51, -9.530586004257e-01, 3.283317482783e-06, 3.2809e-01, 2.1698e-03, 
 2DIAGNOSTIC,    52, -9.530774950981e-01, 3.584504838727e-06, 3.2936e-01, 1.2619e-03, 
 2DIAGNOSTIC,    53, -9.530040621758e-01, 3.235423491788e-06, 3.3056e-01, 1.2081e-03, 
 2DIAGNOSTIC,    54, -9.530181288719e-01, 2.864900352506e-06, 3.3175e-01, 1.1880e-03, 
 2DIAGNOSTIC,    55, -9.530327916145e-01, 2.473688709870e-06, 3.3311e-01, 1.3571e-03, 
 2DIAGNOSTIC,    56, -9.531365036964e-01, 3.029942263311e-06, 3.3492e-01, 1.8082e-03, 
 2DIAGNOSTIC,    57, -9.531434178352e-01, 3.000602873726e-06, 3.3628e-01, 1.3630e-03, 
 2DIAGNOSTIC,    58, -9.531455039978e-01, 2.815233074216e-06, 3.3775e-01, 1.4751e-03, 
 2DIAGNOSTIC,    59, -9.530701637268e-01, 2.141601498806e-06, 3.3893e-01, 1.1711e-03, 
 2DIAGNOSTIC,    60, -9.529945850372e-01, 1.058826001099e-06, 3.4010e-01, 1.1721e-03, 
 2DIAGNOSTIC,    61, -9.530006647110e-01, 5.514634153769e-07, 3.4129e-01, 1.1950e-03, 
 2DIAGNOSTIC,    62, -9.530102014542e-01, 1.945248158108e-07, 3.4246e-01, 1.1721e-03, 
DIAGNOSTIC,Iteration,metricValue,convergenceValue,ITERATION_TIME_INDEX,SINCE_LAST
 2DIAGNOSTIC,     1, -7.085655927658e-01, inf, 6.2541e-01, 2.8294e-01, 
 2DIAGNOSTIC,     2, -7.088629007339e-01, inf, 6.3678e-01, 1.1377e-02, 
 2DIAGNOSTIC,     3, -7.087091207504e-01, inf, 6.4634e-01, 9.5539e-03, 
 2DIAGNOSTIC,     4, -7.085632681847e-01, inf, 6.5741e-01, 1.1069e-02, 
 2DIAGNOSTIC,     5, -7.085778713226e-01, inf, 6.6717e-01, 9.7649e-03, 
 2DIAGNOSTIC,     6, -7.085921764374e-01, inf, 6.7708e-01, 9.9130e-03, 
 2DIAGNOSTIC,     7, -7.086351513863e-01, inf, 6.8845e-01, 1.1369e-02, 
 2DIAGNOSTIC,     8, -7.087721824646e-01, inf, 6.9811e-01, 9.6560e-03, 
 2DIAGNOSTIC,     9, -7.092428207397e-01, inf, 7.1261e-01, 1.4507e-02, 
 2DIAGNOSTIC,    10, -7.092768549919e-01, 4.822424307349e-05, 7.2408e-01, 1.1466e-02, 
 2DIAGNOSTIC,    11, -7.092621922493e-01, 5.648418664350e-05, 7.3501e-01, 1.0927e-02, 
 2DIAGNOSTIC,    12, -7.093800306320e-01, 7.276862015715e-05, 7.4697e-01, 1.1960e-02, 
 2DIAGNOSTIC,    13, -7.097089886665e-01, 8.553291263524e-05, 7.6289e-01, 1.5919e-02, 
 2DIAGNOSTIC,    14, -7.097412943840e-01, 8.520630217390e-05, 7.7268e-01, 9.7930e-03, 
 2DIAGNOSTIC,    15, -7.097912430763e-01, 7.921109499875e-05, 7.8384e-01, 1.1165e-02, 
 2DIAGNOSTIC,    16, -7.098118662834e-01, 6.807513273088e-05, 7.9368e-01, 9.8369e-03, 
 2DIAGNOSTIC,    17, -7.098020911217e-01, 5.294190850691e-05, 8.0380e-01, 1.0116e-02, 
 2DIAGNOSTIC,    18, -7.098243236542e-01, 3.791701601585e-05, 8.1377e-01, 9.9769e-03, 
 2DIAGNOSTIC,    19, -7.098197937012e-01, 3.092241240665e-05, 8.2401e-01, 1.0240e-02, 
 2DIAGNOSTIC,    20, -7.099429368973e-01, 2.518745895941e-05, 8.4030e-01, 1.6285e-02, 
 2DIAGNOSTIC,    21, -7.099375724792e-01, 1.736949161568e-05, 8.5332e-01, 1.3020e-02, 
 2DIAGNOSTIC,    22, -7.099376320839e-01, 1.080863330571e-05, 8.6757e-01, 1.4246e-02, 
 2DIAGNOSTIC,    23, -7.099381685257e-01, 9.711314305605e-06, 8.7965e-01, 1.2080e-02, 
 2DIAGNOSTIC,    24, -7.099390625954e-01, 8.447202162642e-06, 8.9592e-01, 1.6274e-02, 
 2DIAGNOSTIC,    25, -7.099386453629e-01, 7.370918410743e-06, 9.0909e-01, 1.3174e-02, 
 2DIAGNOSTIC,    26, -7.099388241768e-01, 6.126602784207e-06, 9.2095e-01, 1.1858e-02, 
 2DIAGNOSTIC,    27, -7.099387645721e-01, 4.386710770632e-06, 9.3240e-01, 1.1451e-02, 
 2DIAGNOSTIC,    28, -7.099385261536e-01, 2.804945779644e-06, 9.4393e-01, 1.1526e-02, 
 2DIAGNOSTIC,    29, -7.099385261536e-01, 1.062473529601e-06, 9.5557e-01, 1.1640e-02, 
 2DIAGNOSTIC,    30, -7.099386453629e-01, 1.087668920263e-06, 9.6705e-01, 1.1484e-02, 
 2DIAGNOSTIC,    31, -7.099387049675e-01, 1.040306187861e-06, 9.7830e-01, 1.1251e-02, 
 2DIAGNOSTIC,    32, -7.099387645721e-01, 9.959846920538e-07, 9.8996e-01, 1.1659e-02, 
 2DIAGNOSTIC,    33, -7.099391222000e-01, 9.648047125665e-07, 1.0014e+00, 1.1472e-02, 
 2DIAGNOSTIC,    34, -7.099389433861e-01, 9.439181667403e-07, 1.0143e+00, 1.2911e-02, 
 2DIAGNOSTIC,    35, -7.099391222000e-01, 9.207386142407e-07, 1.0258e+00, 1.1490e-02, 
 2DIAGNOSTIC,    36, -7.099387049675e-01, 8.950656251727e-07, 1.0376e+00, 1.1791e-02, 
 2DIAGNOSTIC,    37, -7.099388241768e-01, 8.705698064659e-07, 1.0488e+00, 1.1175e-02, 
 2DIAGNOSTIC,    38, -7.099388241768e-01, 8.437700103059e-07, 1.0605e+00, 1.1706e-02, 
 2DIAGNOSTIC,    39, -7.099388241768e-01, 8.176883738997e-07, 1.0720e+00, 1.1491e-02, 
 2DIAGNOSTIC,    40, -7.099389433861e-01, 7.952025953273e-07, 1.0836e+00, 1.1625e-02, 
 2DIAGNOSTIC,    41, -7.099391222000e-01, 7.762060931782e-07, 1.0952e+00, 1.1622e-02, 
 2DIAGNOSTIC,    42, -7.099391222000e-01, 7.585547336930e-07, 1.1068e+00, 1.1572e-02, 
 2DIAGNOSTIC,    43, -7.099391222000e-01, 7.450157113453e-07, 1.1214e+00, 1.4566e-02, 
 2DIAGNOSTIC,    44, -7.099391222000e-01, 7.299427124963e-07, 1.1349e+00, 1.3488e-02, 
 2DIAGNOSTIC,    45, -7.099390029907e-01, 7.155281878113e-07, 1.1491e+00, 1.4207e-02, 
 2DIAGNOSTIC,    46, -7.099389433861e-01, 6.967613899178e-07, 1.1624e+00, 1.3292e-02, 
 2DIAGNOSTIC,    47, -7.099391818047e-01, 6.813804134254e-07, 1.1757e+00, 1.3359e-02, 
 2DIAGNOSTIC,    48, -7.099390029907e-01, 6.646949373135e-07, 1.1894e+00, 1.3713e-02, 
 2DIAGNOSTIC,    49, -7.099388837814e-01, 6.476025760094e-07, 1.2005e+00, 1.1042e-02, 
 2DIAGNOSTIC,    50, -7.099389433861e-01, 6.328206723083e-07, 1.2115e+00, 1.1037e-02, 
 2DIAGNOSTIC,    51, -7.099387645721e-01, 6.189234227350e-07, 1.2212e+00, 9.6948e-03, 
 2DIAGNOSTIC,    52, -7.099386453629e-01, 6.051172363186e-07, 1.2341e+00, 1.2923e-02, 
 2DIAGNOSTIC,    53, -7.099391222000e-01, 5.961097713225e-07, 1.2480e+00, 1.3822e-02, 
 2DIAGNOSTIC,    54, -7.099390625954e-01, 5.873405370949e-07, 1.2602e+00, 1.2263e-02, 
 2DIAGNOSTIC,    55, -7.099388241768e-01, 5.765263040303e-07, 1.2717e+00, 1.1489e-02, 
 2DIAGNOSTIC,    56, -7.099390029907e-01, 5.671911367244e-07, 1.2830e+00, 1.1246e-02, 
 2DIAGNOSTIC,    57, -7.099391222000e-01, 5.607724347101e-07, 1.2946e+00, 1.1631e-02, 
 2DIAGNOSTIC,    58, -7.099390625954e-01, 5.526095492314e-07, 1.3060e+00, 1.1451e-02, 
 2DIAGNOSTIC,    59, -7.099390029907e-01, 5.431297722680e-07, 1.3182e+00, 1.2147e-02, 
 2DIAGNOSTIC,    60, -7.099392414093e-01, 5.357096029002e-07, 1.3306e+00, 1.2434e-02, 
 2DIAGNOSTIC,    61, -7.099391222000e-01, 5.260406510388e-07, 1.3423e+00, 1.1701e-02, 
 2DIAGNOSTIC,    62, -7.099391818047e-01, 5.157757527741e-07, 1.3543e+00, 1.1967e-02, 
 2DIAGNOSTIC,    63, -7.099392414093e-01, 5.090219588055e-07, 1.3664e+00, 1.2104e-02, 
 2DIAGNOSTIC,    64, -7.099393606186e-01, 5.025245286561e-07, 1.3781e+00, 1.1703e-02, 
 2DIAGNOSTIC,    65, -7.099392414093e-01, 4.934493631481e-07, 1.3894e+00, 1.1274e-02, 
 2DIAGNOSTIC,    66, -7.099391222000e-01, 4.846431806982e-07, 1.4008e+00, 1.1424e-02, 
 2DIAGNOSTIC,    67, -7.099392414093e-01, 4.773289106197e-07, 1.4126e+00, 1.1766e-02, 
 2DIAGNOSTIC,    68, -7.099391222000e-01, 4.689097750088e-07, 1.4240e+00, 1.1485e-02, 
 2DIAGNOSTIC,    69, -7.099391222000e-01, 4.602582635016e-07, 1.4363e+00, 1.2260e-02, 
 2DIAGNOSTIC,    70, -7.099388837814e-01, 4.519831406924e-07, 1.4476e+00, 1.1325e-02, 
 2DIAGNOSTIC,    71, -7.099391222000e-01, 4.449056518752e-07, 1.4591e+00, 1.1450e-02, 
 2DIAGNOSTIC,    72, -7.099390029907e-01, 4.379339770821e-07, 1.4706e+00, 1.1472e-02, 
 2DIAGNOSTIC,    73, -7.099390625954e-01, 4.321766198245e-07, 1.4822e+00, 1.1657e-02, 
 2DIAGNOSTIC,    74, -7.099391222000e-01, 4.279314396172e-07, 1.4937e+00, 1.1454e-02, 
 2DIAGNOSTIC,    75, -7.099391222000e-01, 4.233770596329e-07, 1.5054e+00, 1.1719e-02, 
 2DIAGNOSTIC,    76, -7.099391222000e-01, 4.183672785985e-07, 1.5165e+00, 1.1146e-02, 
 2DIAGNOSTIC,    77, -7.099390625954e-01, 4.138330780279e-07, 1.5277e+00, 1.1200e-02, 
 2DIAGNOSTIC,    78, -7.099391818047e-01, 4.093660095350e-07, 1.5393e+00, 1.1585e-02, 
 2DIAGNOSTIC,    79, -7.099391222000e-01, 4.045826926813e-07, 1.5510e+00, 1.1678e-02, 
 2DIAGNOSTIC,    80, -7.099391818047e-01, 3.988208163719e-07, 1.5624e+00, 1.1443e-02, 
 2DIAGNOSTIC,    81, -7.099388837814e-01, 3.928244325380e-07, 1.5740e+00, 1.1581e-02, 
 2DIAGNOSTIC,    82, -7.099389433861e-01, 3.867201314733e-07, 1.5856e+00, 1.1538e-02, 
 2DIAGNOSTIC,    83, -7.099390625954e-01, 3.817144431650e-07, 1.5970e+00, 1.1492e-02, 
 2DIAGNOSTIC,    84, -7.099390625954e-01, 3.772304353333e-07, 1.6084e+00, 1.1356e-02, 
 2DIAGNOSTIC,    85, -7.099389433861e-01, 3.724586861154e-07, 1.6200e+00, 1.1608e-02, 
 2DIAGNOSTIC,    86, -7.099389433861e-01, 3.680343070300e-07, 1.6317e+00, 1.1648e-02, 
 2DIAGNOSTIC,    87, -7.099390625954e-01, 3.641501393759e-07, 1.6430e+00, 1.1303e-02, 
 2DIAGNOSTIC,    88, -7.099389433861e-01, 3.604598646234e-07, 1.6545e+00, 1.1527e-02, 
 2DIAGNOSTIC,    89, -7.099390625954e-01, 3.572291120690e-07, 1.6661e+00, 1.1575e-02, 
 2DIAGNOSTIC,    90, -7.099388837814e-01, 3.536113410973e-07, 1.6778e+00, 1.1692e-02, 
 2DIAGNOSTIC,    91, -7.099387645721e-01, 3.482474539851e-07, 1.6892e+00, 1.1445e-02, 
 2DIAGNOSTIC,    92, -7.099389433861e-01, 3.441558931172e-07, 1.7008e+00, 1.1562e-02, 
 2DIAGNOSTIC,    93, -7.099390029907e-01, 3.410423801142e-07, 1.7123e+00, 1.1587e-02, 
 2DIAGNOSTIC,    94, -7.099389433861e-01, 3.378576707291e-07, 1.7240e+00, 1.1621e-02, 
 2DIAGNOSTIC,    95, -7.099390625954e-01, 3.348327197727e-07, 1.7358e+00, 1.1791e-02, 
 2DIAGNOSTIC,    96, -7.099391818047e-01, 3.323585815451e-07, 1.7475e+00, 1.1714e-02, 
 2DIAGNOSTIC,    97, -7.099390029907e-01, 3.295830310890e-07, 1.7590e+00, 1.1530e-02, 
 2DIAGNOSTIC,    98, -7.099390625954e-01, 3.264656811552e-07, 1.7723e+00, 1.3254e-02, 
 2DIAGNOSTIC,    99, -7.099391818047e-01, 3.242207071708e-07, 1.7836e+00, 1.1352e-02, 
 2DIAGNOSTIC,   100, -7.099389433861e-01, 3.200693754479e-07, 1.7971e+00, 1.3523e-02, 
 2DIAGNOSTIC,   101, -7.099390029907e-01, 3.155873571359e-07, 1.8087e+00, 1.1581e-02, 
 2DIAGNOSTIC,   102, -7.099388837814e-01, 3.113683533229e-07, 1.8212e+00, 1.2492e-02, 
 2DIAGNOSTIC,   103, -7.099387645721e-01, 3.070709055919e-07, 1.8362e+00, 1.4978e-02, 
 2DIAGNOSTIC,   104, -7.099388837814e-01, 3.032494078070e-07, 1.8477e+00, 1.1475e-02, 
 2DIAGNOSTIC,   105, -7.099390029907e-01, 3.006381632531e-07, 1.8604e+00, 1.2774e-02, 
 2DIAGNOSTIC,   106, -7.099390625954e-01, 2.989972074374e-07, 1.8713e+00, 1.0904e-02, 
 2DIAGNOSTIC,   107, -7.099388837814e-01, 2.961593281725e-07, 1.8833e+00, 1.1917e-02, 
 2DIAGNOSTIC,   108, -7.099388241768e-01, 2.935053373676e-07, 1.8946e+00, 1.1298e-02, 
 2DIAGNOSTIC,   109, -7.099388241768e-01, 2.914581784808e-07, 1.9057e+00, 1.1133e-02, 
 2DIAGNOSTIC,   110, -7.099387645721e-01, 2.883634522277e-07, 1.9169e+00, 1.1198e-02, 
 2DIAGNOSTIC,   111, -7.099387049675e-01, 2.854227432181e-07, 1.9286e+00, 1.1673e-02, 
 2DIAGNOSTIC,   112, -7.099387645721e-01, 2.824767477705e-07, 1.9400e+00, 1.1447e-02, 
 2DIAGNOSTIC,   113, -7.099387049675e-01, 2.790938253838e-07, 1.9528e+00, 1.2761e-02, 
 2DIAGNOSTIC,   114, -7.099385857582e-01, 2.759956032605e-07, 1.9640e+00, 1.1281e-02, 
 2DIAGNOSTIC,   115, -7.099388241768e-01, 2.744958464973e-07, 1.9756e+00, 1.1510e-02, 
 2DIAGNOSTIC,   116, -7.099389433861e-01, 2.738354112353e-07, 1.9871e+00, 1.1583e-02, 
 2DIAGNOSTIC,   117, -7.099388241768e-01, 2.722006229305e-07, 1.9984e+00, 1.1216e-02, 
 2DIAGNOSTIC,   118, -7.099388241768e-01, 2.703926327285e-07, 2.0098e+00, 1.1416e-02, 
 2DIAGNOSTIC,   119, -7.099390625954e-01, 2.693551266475e-07, 2.0210e+00, 1.1232e-02, 
 2DIAGNOSTIC,   120, -7.099391818047e-01, 2.683018749394e-07, 2.0323e+00, 1.1267e-02, 
 2DIAGNOSTIC,   121, -7.099390625954e-01, 2.663418854354e-07, 2.0440e+00, 1.1773e-02, 
 2DIAGNOSTIC,   122, -7.099391222000e-01, 2.645221286457e-07, 2.0556e+00, 1.1563e-02, 
 2DIAGNOSTIC,   123, -7.099392414093e-01, 2.625842796533e-07, 2.0670e+00, 1.1381e-02, 
 2DIAGNOSTIC,   124, -7.099394202232e-01, 2.604361100111e-07, 2.0788e+00, 1.1763e-02, 
 2DIAGNOSTIC,   125, -7.099395394325e-01, 2.590608119135e-07, 2.0903e+00, 1.1509e-02, 
 2DIAGNOSTIC,   126, -7.099392414093e-01, 2.567281569554e-07, 2.1018e+00, 1.1565e-02, 
 2DIAGNOSTIC,   127, -7.099391222000e-01, 2.533227529966e-07, 2.1133e+00, 1.1435e-02, 
 2DIAGNOSTIC,   128, -7.099392414093e-01, 2.500439961750e-07, 2.1248e+00, 1.1495e-02, 
 2DIAGNOSTIC,   129, -7.099391222000e-01, 2.469870707955e-07, 2.1363e+00, 1.1537e-02, 
 2DIAGNOSTIC,   130, -7.099392414093e-01, 2.446992937166e-07, 2.1477e+00, 1.1392e-02, 
 2DIAGNOSTIC,   131, -7.099390625954e-01, 2.415530104827e-07, 2.1593e+00, 1.1575e-02, 
 2DIAGNOSTIC,   132, -7.099389433861e-01, 2.384247181908e-07, 2.1707e+00, 1.1422e-02, 
 2DIAGNOSTIC,   133, -7.099387049675e-01, 2.352171009079e-07, 2.1823e+00, 1.1609e-02, 
 2DIAGNOSTIC,   134, -7.099388241768e-01, 2.333191986281e-07, 2.1955e+00, 1.3198e-02, 
 2DIAGNOSTIC,   135, -7.099388837814e-01, 2.323779284552e-07, 2.2084e+00, 1.2885e-02, 
 2DIAGNOSTIC,   136, -7.099389433861e-01, 2.310727751365e-07, 2.2199e+00, 1.1570e-02, 
 2DIAGNOSTIC,   137, -7.099390029907e-01, 2.298946952806e-07, 2.2314e+00, 1.1454e-02, 
 2DIAGNOSTIC,   138, -7.099390029907e-01, 2.293228220651e-07, 2.2430e+00, 1.1579e-02, 
 2DIAGNOSTIC,   139, -7.099389433861e-01, 2.283416193904e-07, 2.2545e+00, 1.1505e-02, 
 2DIAGNOSTIC,   140, -7.099387049675e-01, 2.270881793720e-07, 2.2692e+00, 1.4749e-02, 
 2DIAGNOSTIC,   141, -7.099388837814e-01, 2.258880300587e-07, 2.2811e+00, 1.1894e-02, 
 2DIAGNOSTIC,   142, -7.099387645721e-01, 2.240051912850e-07, 2.2925e+00, 1.1375e-02, 
 2DIAGNOSTIC,   143, -7.099388837814e-01, 2.218185528591e-07, 2.3038e+00, 1.1339e-02, 
 2DIAGNOSTIC,   144, -7.099391222000e-01, 2.207205227478e-07, 2.3151e+00, 1.1295e-02, 
 2DIAGNOSTIC,   145, -7.099390029907e-01, 2.194805261979e-07, 2.3271e+00, 1.1918e-02, 
 2DIAGNOSTIC,   146, -7.099388837814e-01, 2.180976821364e-07, 2.3389e+00, 1.1800e-02, 
 2DIAGNOSTIC,   147, -7.099389433861e-01, 2.170454962425e-07, 2.3505e+00, 1.1606e-02, 
 2DIAGNOSTIC,   148, -7.099388837814e-01, 2.157701288752e-07, 2.3615e+00, 1.1078e-02, 
 2DIAGNOSTIC,   149, -7.099388837814e-01, 2.142824655493e-07, 2.3727e+00, 1.1213e-02, 
 2DIAGNOSTIC,   150, -7.099387049675e-01, 2.116191524237e-07, 2.3843e+00, 1.1523e-02, 
 2DIAGNOSTIC,   151, -7.099388241768e-01, 2.098675508933e-07, 2.3955e+00, 1.1193e-02, 
 2DIAGNOSTIC,   152, -7.099388241768e-01, 2.078827208152e-07, 2.4069e+00, 1.1438e-02, 
 2DIAGNOSTIC,   153, -7.099386453629e-01, 2.058772992086e-07, 2.4192e+00, 1.2268e-02, 
 2DIAGNOSTIC,   154, -7.099386453629e-01, 2.047460867516e-07, 2.4306e+00, 1.1410e-02, 
 2DIAGNOSTIC,   155, -7.099387049675e-01, 2.036633475200e-07, 2.4430e+00, 1.2378e-02, 
 2DIAGNOSTIC,   156, -7.099387645721e-01, 2.025743128797e-07, 2.4543e+00, 1.1383e-02, 
 2DIAGNOSTIC,   157, -7.099386453629e-01, 2.014744211465e-07, 2.4659e+00, 1.1587e-02, 
 2DIAGNOSTIC,   158, -7.099388241768e-01, 2.008234645245e-07, 2.4774e+00, 1.1511e-02, 
 2DIAGNOSTIC,   159, -7.099387645721e-01, 2.000857364237e-07, 2.4888e+00, 1.1407e-02, 
 2DIAGNOSTIC,   160, -7.099386453629e-01, 1.985974620311e-07, 2.5000e+00, 1.1199e-02, 
 2DIAGNOSTIC,   161, -7.099387645721e-01, 1.977504382467e-07, 2.5114e+00, 1.1379e-02, 
 2DIAGNOSTIC,   162, -7.099386453629e-01, 1.966081839555e-07, 2.5228e+00, 1.1419e-02, 
 2DIAGNOSTIC,   163, -7.099385857582e-01, 1.948777850203e-07, 2.5345e+00, 1.1665e-02, 
 2DIAGNOSTIC,   164, -7.099387049675e-01, 1.934886739718e-07, 2.5461e+00, 1.1556e-02, 
 2DIAGNOSTIC,   165, -7.099385857582e-01, 1.920091818874e-07, 2.5575e+00, 1.1443e-02, 
 2DIAGNOSTIC,   166, -7.099384665489e-01, 1.904994064716e-07, 2.5690e+00, 1.1492e-02, 
 2DIAGNOSTIC,   167, -7.099386453629e-01, 1.892573209261e-07, 2.5805e+00, 1.1501e-02, 
 2DIAGNOSTIC,   168, -7.099385261536e-01, 1.882804241404e-07, 2.5920e+00, 1.1529e-02, 
 2DIAGNOSTIC,   169, -7.099386453629e-01, 1.875742299262e-07, 2.6036e+00, 1.1523e-02, 
 2DIAGNOSTIC,   170, -7.099387645721e-01, 1.869281192057e-07, 2.6159e+00, 1.2318e-02, 
 2DIAGNOSTIC,   171, -7.099387645721e-01, 1.865950594038e-07, 2.6273e+00, 1.1460e-02, 
 2DIAGNOSTIC,   172, -7.099386453629e-01, 1.856630547081e-07, 2.6387e+00, 1.1404e-02, 
 2DIAGNOSTIC,   173, -7.099385857582e-01, 1.843964980708e-07, 2.6504e+00, 1.1694e-02, 
 2DIAGNOSTIC,   174, -7.099384069443e-01, 1.829656923746e-07, 2.6622e+00, 1.1776e-02, 
 2DIAGNOSTIC,   175, -7.099387049675e-01, 1.819559969363e-07, 2.6737e+00, 1.1545e-02, 
 2DIAGNOSTIC,   176, -7.099388241768e-01, 1.809047347479e-07, 2.6858e+00, 1.2059e-02, 
 2DIAGNOSTIC,   177, -7.099388241768e-01, 1.802698363917e-07, 2.6970e+00, 1.1217e-02, 
 2DIAGNOSTIC,   178, -7.099388241768e-01, 1.793365811409e-07, 2.7081e+00, 1.1080e-02, 
 2DIAGNOSTIC,   179, -7.099390625954e-01, 1.791514421257e-07, 2.7195e+00, 1.1402e-02, 
 2DIAGNOSTIC,   180, -7.099387645721e-01, 1.784010379424e-07, 2.7308e+00, 1.1294e-02, 
 2DIAGNOSTIC,   181, -7.099389433861e-01, 1.779107776656e-07, 2.7424e+00, 1.1607e-02, 
 2DIAGNOSTIC,   182, -7.099388837814e-01, 1.768218709230e-07, 2.7539e+00, 1.1461e-02, 
 2DIAGNOSTIC,   183, -7.099390029907e-01, 1.756976217848e-07, 2.7659e+00, 1.2032e-02, 
 2DIAGNOSTIC,   184, -7.099389433861e-01, 1.738620056813e-07, 2.7805e+00, 1.4605e-02, 
 2DIAGNOSTIC,   185, -7.099390625954e-01, 1.728602114781e-07, 2.7917e+00, 1.1193e-02, 
 2DIAGNOSTIC,   186, -7.099389433861e-01, 1.717820765634e-07, 2.8034e+00, 1.1679e-02, 
 2DIAGNOSTIC,   187, -7.099388241768e-01, 1.703917433815e-07, 2.8155e+00, 1.2124e-02, 
